Time period,Time identifier,Geographic level,Country name,Country code,Region name,Region code,LA name,LA code (old),LA code (new),School phase,School Name,School LA Estab ID,URN,Total Revenue Balance (£),B01 Committed revenue balance (£),B02 Uncommitted revenue balance (£),B06 Community focussed extended school revenue balance (£),Total revenue balance as a % of total income
201819,Financial year,School,England,E92000001,North East,E12000001,Gateshead,390,E08000037,Nursery,Bensham Grove Nursery School,3901000,108320,17477.58,17477.58,0,0,4.5
201819,Financial year,School,England,E92000001,North East,E12000001,Gateshead,390,E08000037,Primary,Carr Hill Community Primary School,3902008,108321,253195.4,253195.4,0,0,13.5
201819,Financial year,School,England,E92000001,North East,E12000001,Gateshead,390,E08000037,Primary,Kelvin Grove Community Primary School,3902012,108323,63920.36,63920.36,0,0,3.7
201819,Financial year,School,England,E92000001,North East,E12000001,Gateshead,390,E08000037,Primary,South Street Community Primary School,3902036,108326,5988.7,5988.7,0,0,0.4
201819,Financial year,School,England,E92000001,North East,E12000001,Gateshead,390,E08000037,Primary,Bede Community Primary School,3902039,108327,183027.8,183027.8,0,0,12.5
201819,Financial year,School,England,E92000001,North East,E12000001,Gateshead,390,E08000037,Primary,Oakfield Junior School,3902049,108329,79195.29,79195.29,0,0,7.7
201819,Financial year,School,England,E92000001,North East,E12000001,Gateshead,390,E08000037,Primary,Larkspur Community Primary School,3902051,108330,123846.7,123846.7,0,0,13.2
201819,Financial year,School,England,E92000001,North East,E12000001,Gateshead,390,E08000037,Primary,Oakfield Infant School,3902055,108332,58477.27,58477.27,0,0,7.1
201819,Financial year,School,England,E92000001,North East,E12000001,Gateshead,390,E08000037,Primary,Ravensworth Terrace Primary School,3902056,108333,-138554.3,0,-138554.3,0,-10.2
201819,Financial year,School,England,E92000001,North East,E12000001,Gateshead,390,E08000037,Primary,Portobello Primary School,3902162,108336,42497.8,42497.8,0,0,4.4
201819,Financial year,School,England,E92000001,North East,E12000001,Gateshead,390,E08000037,Primary,Birtley East Community Primary School,3902163,108337,135102,135102,0,0,10.3
201819,Financial year,School,England,E92000001,North East,E12000001,Gateshead,390,E08000037,Primary,Dunston Hill Community Primary School,3902164,108338,85207.23,85207.23,0,0,3.9
201819,Financial year,School,England,E92000001,North East,E12000001,Gateshead,390,E08000037,Primary,Emmaville Primary School,3902167,108339,90189.28,90189.28,0,0,5.7
201819,Financial year,School,England,E92000001,North East,E12000001,Gateshead,390,E08000037,Primary,High Spen Primary School,3902168,108340,87040.44,87040.44,0,0,8.9
201819,Financial year,School,England,E92000001,North East,E12000001,Gateshead,390,E08000037,Primary,Swalwell Primary School,3902172,108342,97166.72,97166.72,0,0,8.4
201819,Financial year,School,England,E92000001,North East,E12000001,Gateshead,390,E08000037,Primary,Winlaton West Lane Community Primary School,3902177,108346,178229.5,178229.5,0,0,10.4
201819,Financial year,School,England,E92000001,North East,E12000001,Gateshead,390,E08000037,Primary,Greenside Primary School,3902181,108348,56784.04,56784.04,0,0,5.4
201819,Financial year,School,England,E92000001,North East,E12000001,Gateshead,390,E08000037,Primary,Blaydon West Primary School,3902182,108349,130273.1,130273.1,0,0,14.2
201819,Financial year,School,England,E92000001,North East,E12000001,Gateshead,390,E08000037,Primary,Front Street Community Primary School,3902184,108350,137382.5,137382.5,0,0,7
201819,Financial year,School,England,E92000001,North East,E12000001,Gateshead,390,E08000037,Primary,Highfield Community Primary School,3902186,108351,24464.9,24464.9,0,0,2.9
201819,Financial year,School,England,E92000001,North East,E12000001,Gateshead,390,E08000037,Primary,Ryton Community Infant School,3902188,108352,62799.56,62799.56,0,0,9.6
201819,Financial year,School,England,E92000001,North East,E12000001,Gateshead,390,E08000037,Primary,Ryton Junior School,3902193,108355,41177.63,41177.63,0,0,5.1
201819,Financial year,School,England,E92000001,North East,E12000001,Gateshead,390,E08000037,Primary,Washingwell Community Primary School,3902194,108356,34968.1,34968.1,0,0,4.4
201819,Financial year,School,England,E92000001,North East,E12000001,Gateshead,390,E08000037,Primary,Bill Quay Primary School,3902197,108357,-32359.72,0,-32359.72,0,-3.3
201819,Financial year,School,England,E92000001,North East,E12000001,Gateshead,390,E08000037,Primary,Falla Park Community Primary School,3902198,108358,125698,125698,0,0,9.2
201819,Financial year,School,England,E92000001,North East,E12000001,Gateshead,390,E08000037,Primary,Brandling Primary School,3902200,108359,279001.1,279001.1,0,0,22.9
201819,Financial year,School,England,E92000001,North East,E12000001,Gateshead,390,E08000037,Primary,Lingey House Primary School,3902205,108360,200327.5,200327.5,0,0,9.5
201819,Financial year,School,England,E92000001,North East,E12000001,Gateshead,390,E08000037,Primary,The Drive Community Primary School,3902213,108361,53781.62,53781.62,0,0,5.2
201819,Financial year,School,England,E92000001,North East,E12000001,Gateshead,390,E08000037,Primary,White Mere Community Primary School,3902214,108362,-110460.6,0,-110460.6,0,-15
201819,Financial year,School,England,E92000001,North East,E12000001,Gateshead,390,E08000037,Primary,Clover Hill Community Primary School,3902216,108363,104656.7,104656.7,0,0,11.9
201819,Financial year,School,England,E92000001,North East,E12000001,Gateshead,390,E08000037,Primary,Crookhill Community Primary School,3902219,108366,13049.28,13049.28,0,0,1.4
201819,Financial year,School,England,E92000001,North East,E12000001,Gateshead,390,E08000037,Primary,Brighton Avenue Primary School,3902221,108368,60857.37,60857.37,0,0,3.4
201819,Financial year,School,England,E92000001,North East,E12000001,Gateshead,390,E08000037,Primary,Lobley Hill Primary School,3902222,108369,29007.17,29007.17,0,0,1.5
201819,Financial year,School,England,E92000001,North East,E12000001,Gateshead,390,E08000037,Primary,Wardley Primary School,3902224,108371,169521,169521,0,0,11.8
201819,Financial year,School,England,E92000001,North East,E12000001,Gateshead,390,E08000037,Primary,Glynwood Community Primary School,3902225,108372,181028.3,181028.3,0,0,9.4
201819,Financial year,School,England,E92000001,North East,E12000001,Gateshead,390,E08000037,Primary,Barley Mow Primary School,3902226,108373,-6411.82,0,-6411.82,0,-0.6
201819,Financial year,School,England,E92000001,North East,E12000001,Gateshead,390,E08000037,Primary,Windy Nook Primary School,3902227,108374,137018.7,137018.7,0,0,9.4
201819,Financial year,School,England,E92000001,North East,E12000001,Gateshead,390,E08000037,Primary,Colegate Community Primary School,3902228,108375,20161.96,20161.96,0,0,2.1
201819,Financial year,School,England,E92000001,North East,E12000001,Gateshead,390,E08000037,Primary,Roman Road Primary School,3902229,108376,117142.6,117142.6,0,0,10.7
201819,Financial year,School,England,E92000001,North East,E12000001,Gateshead,390,E08000037,Primary,Fellside Community Primary School,3902231,108378,25491.38,25491.38,0,0,2.6
201819,Financial year,School,England,E92000001,North East,E12000001,Gateshead,390,E08000037,Primary,Fell Dyke Community Primary School,3902232,108379,225302.2,225302.2,0,0,12.4
201819,Financial year,School,England,E92000001,North East,E12000001,Gateshead,390,E08000037,Primary,Caedmon Community Primary School,3902233,108380,138984.8,138984.8,0,0,11.1
201819,Financial year,School,England,E92000001,North East,E12000001,Gateshead,390,E08000037,Primary,Kells Lane Primary School,3902234,131106,18867.23,18867.23,0,0,1.1
201819,Financial year,School,England,E92000001,North East,E12000001,Gateshead,390,E08000037,Primary,Chopwell Primary School,3902235,131107,222194.6,204152.1,0,18042.5,16.6
201819,Financial year,School,England,E92000001,North East,E12000001,Gateshead,390,E08000037,Primary,Parkhead Community Primary School,3902236,131466,99339.7,99339.7,0,0,5.4
201819,Financial year,School,England,E92000001,North East,E12000001,Gateshead,390,E08000037,Primary,St Aidan's Church of England Primary School,3902237,132145,96317.34,96317.34,0,0,7.8
201819,Financial year,School,England,E92000001,North East,E12000001,Gateshead,390,E08000037,Primary,Harlow Green Community Primary School,3902238,131077,311933.6,311933.6,0,0,14.4
201819,Financial year,School,England,E92000001,North East,E12000001,Gateshead,390,E08000037,Primary,Rowlands Gill Community Primary School,3902239,131081,-137903.1,0,-137903.1,0,-8.1
201819,Financial year,School,England,E92000001,North East,E12000001,Gateshead,390,E08000037,Primary,Whickham Parochial Church of England Primary School,3903001,108381,25412.52,25412.52,0,0,2.9
201819,Financial year,School,England,E92000001,North East,E12000001,Gateshead,390,E08000037,Primary,Corpus Christi Catholic Primary School,3903313,108382,216778.1,216778.1,0,0,20.2
201819,Financial year,School,England,E92000001,North East,E12000001,Gateshead,390,E08000037,Primary,St Joseph's Roman Catholic Voluntary Aided Primary School Gateshead,3903317,108383,139242,139242,0,0,13.7
201819,Financial year,School,England,E92000001,North East,E12000001,Gateshead,390,E08000037,Primary,St Oswald's Roman Catholic Voluntary Aided Primary School,3903318,108384,134947.3,134947.3,0,0,12.7
201819,Financial year,School,England,E92000001,North East,E12000001,Gateshead,390,E08000037,Primary,St Peter's Roman Catholic Voluntary Aided Primary School,3903319,108385,39400.82,39400.82,0,0,4.4
201819,Financial year,School,England,E92000001,North East,E12000001,Gateshead,390,E08000037,Primary,St Anne's Catholic Primary School,3903322,108386,72780.2,72780.2,0,0,10.7
201819,Financial year,School,England,E92000001,North East,E12000001,Gateshead,390,E08000037,Primary,St Joseph's Catholic Junior School Birtley,3903324,108388,94309.27,94309.27,0,0,15.2
201819,Financial year,School,England,E92000001,North East,E12000001,Gateshead,390,E08000037,Primary,St Joseph's Catholic Infant School Birtley,3903325,108389,103264,103264,0,0,20.9
201819,Financial year,School,England,E92000001,North East,E12000001,Gateshead,390,E08000037,Primary,St Agnes' Catholic Primary School,3903326,108390,50596.48,50596.48,0,0,6
201819,Financial year,School,England,E92000001,North East,E12000001,Gateshead,390,E08000037,Primary,St Joseph's Roman Catholic Voluntary Aided Primary School Highfield,3903327,108391,71788.41,71788.41,0,0,12.7
201819,Financial year,School,England,E92000001,North East,E12000001,Gateshead,390,E08000037,Primary,St Mary and St Thomas Aquinas Catholic Primary School,3903328,108392,41609.9,41609.9,0,0,4.1
201819,Financial year,School,England,E92000001,North East,E12000001,Gateshead,390,E08000037,Primary,St Philip Neri Roman Catholic Primary School,3903330,108394,61450.81,61450.81,0,0,6.7
201819,Financial year,School,England,E92000001,North East,E12000001,Gateshead,390,E08000037,Primary,St Joseph's Catholic Primary School Blaydon,3903331,108395,66817.77,66817.77,0,0,7.2
201819,Financial year,School,England,E92000001,North East,E12000001,Gateshead,390,E08000037,Primary,St Mary's Roman Catholic Primary School,3903333,108396,42581.78,42581.78,0,0,4.7
201819,Financial year,School,England,E92000001,North East,E12000001,Gateshead,390,E08000037,Primary,St Alban's Catholic Primary School,3903335,108398,31953.41,31953.41,0,0,3.1
201819,Financial year,School,England,E92000001,North East,E12000001,Gateshead,390,E08000037,Primary,St Augustine's Catholic Primary School,3903336,108399,119710.8,119710.8,0,0,7.6
201819,Financial year,School,England,E92000001,North East,E12000001,Gateshead,390,E08000037,Primary,St Wilfrid's Roman Catholic Voluntary Aided Primary School,3903339,108400,27224.5,27224.5,0,0,3.4
201819,Financial year,School,England,E92000001,North East,E12000001,Gateshead,390,E08000037,Secondary,Kingsmeadow Community Comprehensive School,3904041,108410,178682.5,178682.5,0,0,3.4
201819,Financial year,School,England,E92000001,North East,E12000001,Gateshead,390,E08000037,Special,Furrowfield School,3907006,108426,85228.78,85228.78,0,0,4
201819,Financial year,School,England,E92000001,North East,E12000001,Gateshead,390,E08000037,Special,Gibside School,3907007,131213,677769.9,677769.9,0,0,19.5
201819,Financial year,School,England,E92000001,North East,E12000001,Gateshead,390,E08000037,Special,Hill Top School,3907008,130942,48517.55,48517.55,0,0,2
201819,Financial year,School,England,E92000001,North East,E12000001,Gateshead,390,E08000037,Special,Dryden School,3907009,131200,-30517.61,0,-30517.61,0,-2.4
201819,Financial year,School,England,E92000001,North East,E12000001,Gateshead,390,E08000037,Special,Eslington Primary School,3907010,133397,35188.33,35188.33,0,0,2.4
201819,Financial year,School,England,E92000001,North East,E12000001,Newcastle upon Tyne,391,E08000021,Nursery,Ashfield Nursery School,3911000,108427,11378.43,0,8008.43,3370,1.9
201819,Financial year,School,England,E92000001,North East,E12000001,Newcastle upon Tyne,391,E08000021,Nursery,Cruddas Park Early Years Centre,3911001,108428,-133557.2,0,-157892.7,24335.5,-59.4
201819,Financial year,School,England,E92000001,North East,E12000001,Newcastle upon Tyne,391,E08000021,Nursery,Newburn Manor Nursery School,3911004,108430,85763.56,46194.57,40933.56,-1364.57,21.1
201819,Financial year,School,England,E92000001,North East,E12000001,Newcastle upon Tyne,391,E08000021,Nursery,Monkchester Road Nursery School,3911005,108431,212995.2,43475,169520.2,0,25.1
201819,Financial year,School,England,E92000001,North East,E12000001,Newcastle upon Tyne,391,E08000021,Primary,Dinnington First School,3912000,108437,81669.66,49830,29359.66,2480,9.6
201819,Financial year,School,England,E92000001,North East,E12000001,Newcastle upon Tyne,391,E08000021,Primary,Archibald First School,3912001,108438,136456,220.47,136456,-220.47,9.5
201819,Financial year,School,England,E92000001,North East,E12000001,Newcastle upon Tyne,391,E08000021,Primary,South Gosforth First School,3912002,108439,62552.14,0,62552.14,0,5.7
201819,Financial year,School,England,E92000001,North East,E12000001,Newcastle upon Tyne,391,E08000021,Primary,Regent Farm First School,3912003,108440,252349.2,0,239224.2,13125,15.5
201819,Financial year,School,England,E92000001,North East,E12000001,Newcastle upon Tyne,391,E08000021,Primary,Gosforth Park First School,3912005,108442,25332.13,0,25332.13,0,2.3
201819,Financial year,School,England,E92000001,North East,E12000001,Newcastle upon Tyne,391,E08000021,Primary,Broadway East First School,3912006,108443,123226.3,26080,95326.31,1820,12.9
201819,Financial year,School,England,E92000001,North East,E12000001,Newcastle upon Tyne,391,E08000021,Primary,Grange First School,3912009,108444,3188.95,0,-17629.64,20818.59,0.2
201819,Financial year,School,England,E92000001,North East,E12000001,Newcastle upon Tyne,391,E08000021,Primary,Throckley Primary School,3912012,108446,209447.6,12012,197435.6,0,12.3
201819,Financial year,School,England,E92000001,North East,E12000001,Newcastle upon Tyne,391,E08000021,Primary,Newburn Manor Primary School,3912013,108447,121982.1,48626,73356.08,0,12.2
201819,Financial year,School,England,E92000001,North East,E12000001,Newcastle upon Tyne,391,E08000021,Primary,West Denton Primary School,3912015,108449,204320.5,50301.98,153500.5,518.02,12.3
201819,Financial year,School,England,E92000001,North East,E12000001,Newcastle upon Tyne,391,E08000021,Primary,Knop Law Primary School,3912016,108450,-18424.67,0,-18424.67,0,-1.2
201819,Financial year,School,England,E92000001,North East,E12000001,Newcastle upon Tyne,391,E08000021,Primary,Milecastle Primary School,3912017,108451,31608.57,0,31608.57,0,3.5
201819,Financial year,School,England,E92000001,North East,E12000001,Newcastle upon Tyne,391,E08000021,Primary,Waverley Primary School,3912020,108453,-6664.11,0,-6664.11,0,-0.5
201819,Financial year,School,England,E92000001,North East,E12000001,Newcastle upon Tyne,391,E08000021,Primary,Simonside Primary School,3912021,108454,80132.28,0,80132.28,0,5.7
201819,Financial year,School,England,E92000001,North East,E12000001,Newcastle upon Tyne,391,E08000021,Primary,Lemington Riverside Primary School,3912030,108456,54065.49,43767,9298.49,1000,6.6
201819,Financial year,School,England,E92000001,North East,E12000001,Newcastle upon Tyne,391,E08000021,Primary,Westerhope Primary School,3912031,108457,90806.7,0,67172.4,23634.3,4.8
201819,Financial year,School,England,E92000001,North East,E12000001,Newcastle upon Tyne,391,E08000021,Primary,Byker Primary School,3912032,108458,143882.6,0,143882.6,0,5.5
201819,Financial year,School,England,E92000001,North East,E12000001,Newcastle upon Tyne,391,E08000021,Primary,West Jesmond Primary School,3912033,131203,101012.9,0,-97294.52,198307.4,3.7
201819,Financial year,School,England,E92000001,North East,E12000001,Newcastle upon Tyne,391,E08000021,Primary,Benton Park Primary School,3912050,108459,53808.06,17986.93,33261.83,2559.3,3
201819,Financial year,School,England,E92000001,North East,E12000001,Newcastle upon Tyne,391,E08000021,Primary,Hawthorn Primary School,3912080,108460,175461.1,0,175461.1,0,12.8
201819,Financial year,School,England,E92000001,North East,E12000001,Newcastle upon Tyne,391,E08000021,Primary,Canning Street Primary School,3912090,108461,440032.3,98125.91,422974.3,-81067.91,17.5
201819,Financial year,School,England,E92000001,North East,E12000001,Newcastle upon Tyne,391,E08000021,Primary,Chillingham Road Primary School,3912100,108463,143020.3,68823.87,69980.33,4216.13,11.8
201819,Financial year,School,England,E92000001,North East,E12000001,Newcastle upon Tyne,391,E08000021,Primary,Cragside Primary School,3912170,108465,71695.66,0,71695.66,0,4.1
201819,Financial year,School,England,E92000001,North East,E12000001,Newcastle upon Tyne,391,E08000021,Primary,Bridgewater Primary School,3912210,108466,189944.2,21743,96242.46,71958.74,7.3
201819,Financial year,School,England,E92000001,North East,E12000001,Newcastle upon Tyne,391,E08000021,Primary,Broadwood Primary School,3912225,108468,132138.3,0,132138.3,0,7.5
201819,Financial year,School,England,E92000001,North East,E12000001,Newcastle upon Tyne,391,E08000021,Primary,Ravenswood Primary School,3912670,108475,394773.1,125990,268783.1,0,14.6
201819,Financial year,School,England,E92000001,North East,E12000001,Newcastle upon Tyne,391,E08000021,Primary,St Johns Primary School,3912720,108476,174557.8,43853.93,174557.8,-43853.93,12.6
201819,Financial year,School,England,E92000001,North East,E12000001,Newcastle upon Tyne,391,E08000021,Primary,Wingrove Primary School,3912960,108487,270640.7,195350,75290.73,0,12.6
201819,Financial year,School,England,E92000001,North East,E12000001,Newcastle upon Tyne,391,E08000021,Primary,Hotspur Primary School,3912998,108491,283652.5,215773.2,63672.49,4206.83,14.1
201819,Financial year,School,England,E92000001,North East,E12000001,Newcastle upon Tyne,391,E08000021,Primary,Moorside Primary School,3912999,108492,245089.9,44701,200388.9,0,10.8
201819,Financial year,School,England,E92000001,North East,E12000001,Newcastle upon Tyne,391,E08000021,Primary,Christ Church CofE Primary School,3913321,108493,22520.1,0,22520.1,0,2.7
201819,Financial year,School,England,E92000001,North East,E12000001,Newcastle upon Tyne,391,E08000021,Primary,Archbishop Runcie CofE First School,3913471,108495,-35386.76,0,-35386.76,0,-4.4
201819,Financial year,School,England,E92000001,North East,E12000001,Newcastle upon Tyne,391,E08000021,Primary,St Charles' RC Primary School,3913472,108496,139273.6,62134.35,66020.6,11118.65,13.4
201819,Financial year,School,England,E92000001,North East,E12000001,Newcastle upon Tyne,391,E08000021,Primary,St Oswald's RC Primary School,3913473,108497,49534.15,14130,35404.15,0,5.8
201819,Financial year,School,England,E92000001,North East,E12000001,Newcastle upon Tyne,391,E08000021,Primary,St Mark's RC Primary School,3913474,108498,135169.7,0,135169.7,0,11.9
201819,Financial year,School,England,E92000001,North East,E12000001,Newcastle upon Tyne,391,E08000021,Primary,St George's RC Primary School,3913475,108499,162956.7,57410,108316.7,-2770,19.5
201819,Financial year,School,England,E92000001,North East,E12000001,Newcastle upon Tyne,391,E08000021,Primary,St Cuthbert's RC Primary School,3913476,108500,149313.4,79576.82,69536.42,200.18,17.1
201819,Financial year,School,England,E92000001,North East,E12000001,Newcastle upon Tyne,391,E08000021,Primary,St John Vianney RC Primary School,3913477,108501,92152.32,50966,41186.32,0,6.2
201819,Financial year,School,England,E92000001,North East,E12000001,Newcastle upon Tyne,391,E08000021,Primary,St Paul's CofE Primary School,3913485,108502,68184.58,0,67951.77,232.81,5.1
201819,Financial year,School,England,E92000001,North East,E12000001,Newcastle upon Tyne,391,E08000021,Primary,English Martyrs' RC Primary School,3913650,108503,477702.6,45416.73,357550.6,74735.27,23.6
201819,Financial year,School,England,E92000001,North East,E12000001,Newcastle upon Tyne,391,E08000021,Primary,Sacred Heart RC Primary School,3913662,108504,54299.01,0,54299.01,0,4.9
201819,Financial year,School,England,E92000001,North East,E12000001,Newcastle upon Tyne,391,E08000021,Primary,St Bede's RC Primary School,3913762,108505,130803.2,0,130803.2,0,13.1
201819,Financial year,School,England,E92000001,North East,E12000001,Newcastle upon Tyne,391,E08000021,Primary,St Cuthbert's Catholic Primary School,3913765,108506,136834.9,0,132044.3,4790.6,11.8
201819,Financial year,School,England,E92000001,North East,E12000001,Newcastle upon Tyne,391,E08000021,Primary,St Catherine's RC Primary School,3913778,108507,-171.03,0,-4977.25,4806.22,0
201819,Financial year,School,England,E92000001,North East,E12000001,Newcastle upon Tyne,391,E08000021,Primary,St Joseph's Catholic Primary School,3913781,108508,118413.5,30900,87513.45,0,10.8
201819,Financial year,School,England,E92000001,North East,E12000001,Newcastle upon Tyne,391,E08000021,Primary,St Lawrence's RC Primary School,3913792,108509,70741.8,11710,59031.8,0,5.7
201819,Financial year,School,England,E92000001,North East,E12000001,Newcastle upon Tyne,391,E08000021,Primary,Our Lady and St Anne's RC Primary School,3913799,108510,28666.12,12488.07,11756.12,4421.93,2.4
201819,Financial year,School,England,E92000001,North East,E12000001,Newcastle upon Tyne,391,E08000021,Primary,St Teresa's Catholic Primary School,3913835,108513,217025.6,24912.39,185005.6,7107.61,19.9
201819,Financial year,School,England,E92000001,North East,E12000001,Newcastle upon Tyne,391,E08000021,Primary,St Vincent's RC Primary School,3913842,108514,466114.2,391100,75014.16,0,39.8
201819,Financial year,School,England,E92000001,North East,E12000001,Newcastle upon Tyne,391,E08000021,Primary,St Alban's RC Primary School,3913874,108515,131082.7,94250,36832.69,0,11.4
201819,Financial year,School,England,E92000001,North East,E12000001,Newcastle upon Tyne,391,E08000021,Primary,Brunton First School,3913875,135286,278401,0,278401,0,17
201819,Financial year,School,England,E92000001,North East,E12000001,Newcastle upon Tyne,391,E08000021,Middle deemed secondary,Gosforth Central Middle School,3914190,108519,393643.4,66150,327493.4,0,15.7
201819,Financial year,School,England,E92000001,North East,E12000001,Newcastle upon Tyne,391,E08000021,Middle deemed secondary,Gosforth East Middle School,3914305,108521,116421.8,0,114513,1908.7,4.7
201819,Financial year,School,England,E92000001,North East,E12000001,Newcastle upon Tyne,391,E08000021,Secondary,Walbottle Campus,3914430,108524,337052.8,0,315874.8,21178.09,3.2
201819,Financial year,School,England,E92000001,North East,E12000001,Newcastle upon Tyne,391,E08000021,Secondary,Heaton Manor School,3914494,108531,302890.8,148033,152677.8,2180,3
201819,Financial year,School,England,E92000001,North East,E12000001,Newcastle upon Tyne,391,E08000021,Special,Hadrian School,3917034,131986,-49060.57,0,-49060.57,0,-1.2
201819,Financial year,School,England,E92000001,North East,E12000001,Newcastle upon Tyne,391,E08000021,Special,Sir Charles Parsons School,3917035,131987,320704.2,104490,216214.2,0,9.1
201819,Financial year,School,England,E92000001,North East,E12000001,Newcastle upon Tyne,391,E08000021,Special,Thomas Bewick School,3917036,131988,405346.4,0,405346.4,0,9.8
201819,Financial year,School,England,E92000001,North East,E12000001,North Tyneside,392,E08000022,Nursery,Sir James Knott Memorial Nursery School,3921001,108563,8671.48,0,8671.48,0,2.1
201819,Financial year,School,England,E92000001,North East,E12000001,North Tyneside,392,E08000022,Pupil referral unit,Moorbridge,3921100,108565,-2615.75,0,-2615.75,0,-0.1
201819,Financial year,School,England,E92000001,North East,E12000001,North Tyneside,392,E08000022,Primary,Cullercoats Primary School,3922000,108569,97436.67,13661,83775.67,0,5.1
201819,Financial year,School,England,E92000001,North East,E12000001,North Tyneside,392,E08000022,Primary,Waterville Primary School,3922004,108571,32669.78,0,32669.78,0,2.4
201819,Financial year,School,England,E92000001,North East,E12000001,North Tyneside,392,E08000022,Primary,Percy Main Primary School,3922008,108572,-55009.07,5010,-60019.07,0,-4.8
201819,Financial year,School,England,E92000001,North East,E12000001,North Tyneside,392,E08000022,Primary,King Edward Primary School,3922013,108573,11421.84,0,11421.84,0,0.5
201819,Financial year,School,England,E92000001,North East,E12000001,North Tyneside,392,E08000022,Primary,Spring Gardens Primary School,3922016,108574,72136.81,16323.93,55812.88,0,3.8
201819,Financial year,School,England,E92000001,North East,E12000001,North Tyneside,392,E08000022,Primary,Riverside Primary School,3922021,108575,67885.09,10072,57813.09,0,6.9
201819,Financial year,School,England,E92000001,North East,E12000001,North Tyneside,392,E08000022,Primary,Monkhouse Primary School,3922022,108576,89945.14,12828.86,77116.28,0,7.9
201819,Financial year,School,England,E92000001,North East,E12000001,North Tyneside,392,E08000022,Primary,Whitehouse Primary School,3922024,108577,79776.2,19024.46,60751.74,0,7
201819,Financial year,School,England,E92000001,North East,E12000001,North Tyneside,392,E08000022,Primary,Preston Grange Primary School,3922026,108578,30594.04,11236,19358.04,0,3.1
201819,Financial year,School,England,E92000001,North East,E12000001,North Tyneside,392,E08000022,Primary,Shiremoor Primary School,3922031,108579,222857.8,74158,148699.8,0,10.7
201819,Financial year,School,England,E92000001,North East,E12000001,North Tyneside,392,E08000022,Primary,Backworth Park Primary School,3922032,108580,-13097.03,17173,-30270.03,0,-1.5
201819,Financial year,School,England,E92000001,North East,E12000001,North Tyneside,392,E08000022,Primary,Holystone Primary School,3922036,108581,-33850.58,0,-33850.58,0,-1.8
201819,Financial year,School,England,E92000001,North East,E12000001,North Tyneside,392,E08000022,Primary,Westmoor Primary School,3922037,108582,34006.71,10199.52,23807.19,0,2.2
201819,Financial year,School,England,E92000001,North East,E12000001,North Tyneside,392,E08000022,Primary,Rockcliffe First School,3922041,108583,17649.96,0,17649.96,0,1.5
201819,Financial year,School,England,E92000001,North East,E12000001,North Tyneside,392,E08000022,Primary,Appletree Gardens First School,3922042,108584,106377.4,26867.92,79509.49,0,7.1
201819,Financial year,School,England,E92000001,North East,E12000001,North Tyneside,392,E08000022,Primary,Southridge First School,3922046,108585,163173.3,60454,102719.3,0,12.5
201819,Financial year,School,England,E92000001,North East,E12000001,North Tyneside,392,E08000022,Primary,Amberley Primary School,3922048,108586,21634.75,0,21634.75,0,1.2
201819,Financial year,School,England,E92000001,North East,E12000001,North Tyneside,392,E08000022,Primary,Bailey Green Primary School,3922054,108587,414347.7,43145,192871.7,178331,16
201819,Financial year,School,England,E92000001,North East,E12000001,North Tyneside,392,E08000022,Primary,South Wellfield First School,3922055,108588,119343.5,45652,73691.46,0,9.3
201819,Financial year,School,England,E92000001,North East,E12000001,North Tyneside,392,E08000022,Primary,Marine Park First School,3922058,108589,45813.15,2000,43813.15,0,1.9
201819,Financial year,School,England,E92000001,North East,E12000001,North Tyneside,392,E08000022,Primary,Coquet Park First School,3922059,108590,33113.98,4257,28856.98,0,3.8
201819,Financial year,School,England,E92000001,North East,E12000001,North Tyneside,392,E08000022,Primary,Langley First School,3922060,108591,145547.4,49210,96337.36,0,10.2
201819,Financial year,School,England,E92000001,North East,E12000001,North Tyneside,392,E08000022,Primary,Carville Primary School,3922062,108592,130453.6,48528,81925.65,0,12.2
201819,Financial year,School,England,E92000001,North East,E12000001,North Tyneside,392,E08000022,Primary,Wallsend Jubilee Primary School,3922065,108594,41719.1,16068,25651.1,0,2.8
201819,Financial year,School,England,E92000001,North East,E12000001,North Tyneside,392,E08000022,Primary,Battle Hill Primary School,3922068,108595,80779.63,26868,53911.63,0,3.8
201819,Financial year,School,England,E92000001,North East,E12000001,North Tyneside,392,E08000022,Primary,Richardson Dees Primary School,3922069,108596,57007.07,9552,47455.07,0,4.7
201819,Financial year,School,England,E92000001,North East,E12000001,North Tyneside,392,E08000022,Primary,Stephenson Memorial Primary School,3922070,108597,115971.6,0,115971.6,0,5.9
201819,Financial year,School,England,E92000001,North East,E12000001,North Tyneside,392,E08000022,Primary,Redesdale Primary School,3922072,108599,41027.47,4003.78,37023.69,0,4
201819,Financial year,School,England,E92000001,North East,E12000001,North Tyneside,392,E08000022,Primary,Whitley Lodge First School,3922074,108600,11471.08,3305,8166.08,0,1
201819,Financial year,School,England,E92000001,North East,E12000001,North Tyneside,392,E08000022,Primary,Collingwood Primary School,3922076,108602,144153.7,51148,93005.68,0,7.5
201819,Financial year,School,England,E92000001,North East,E12000001,North Tyneside,392,E08000022,Primary,Balliol Primary School,3922077,108603,48732.69,11401,37331.69,0,4.6
201819,Financial year,School,England,E92000001,North East,E12000001,North Tyneside,392,E08000022,Primary,Benton Dene Primary School,3922078,108604,55059.62,0,55059.62,0,2.5
201819,Financial year,School,England,E92000001,North East,E12000001,North Tyneside,392,E08000022,Primary,Forest Hall Primary School,3922079,108605,-82.19,10763,-10845.19,0,0
201819,Financial year,School,England,E92000001,North East,E12000001,North Tyneside,392,E08000022,Primary,Ivy Road Primary School,3922080,108606,-223135,19257,-242392,0,-31.2
201819,Financial year,School,England,E92000001,North East,E12000001,North Tyneside,392,E08000022,Primary,New York Primary School,3922081,108607,289783.8,176406,113377.8,0,15.6
201819,Financial year,School,England,E92000001,North East,E12000001,North Tyneside,392,E08000022,Primary,Denbigh Community Primary School,3922082,108608,100979.1,15640.5,85338.62,0,4.6
201819,Financial year,School,England,E92000001,North East,E12000001,North Tyneside,392,E08000022,Primary,Greenfields Community Primary School,3922083,108609,91530.27,28214,63316.27,0,5.6
201819,Financial year,School,England,E92000001,North East,E12000001,North Tyneside,392,E08000022,Primary,Hazlewood Community Primary School,3922084,108610,76603.03,11834,64769.03,0,7.6
201819,Financial year,School,England,E92000001,North East,E12000001,North Tyneside,392,E08000022,Primary,Fordley Primary School,3922085,108611,-38214.27,0,-38214.27,0,-2.3
201819,Financial year,School,England,E92000001,North East,E12000001,North Tyneside,392,E08000022,Primary,Burradon Community Primary School,3922086,108612,17424.55,524.06,16900.49,0,1.8
201819,Financial year,School,England,E92000001,North East,E12000001,North Tyneside,392,E08000022,Primary,Hadrian Park Primary School,3922087,132141,96696.18,15667,81029.18,0,5.5
201819,Financial year,School,England,E92000001,North East,E12000001,North Tyneside,392,E08000022,Primary,Western Community Primary School,3922088,133384,69280.86,13875,55405.86,0,3.3
201819,Financial year,School,England,E92000001,North East,E12000001,North Tyneside,392,E08000022,Primary,Christ Church CofE Primary School,3923301,108614,116726,42842,73883.96,0,12.1
201819,Financial year,School,England,E92000001,North East,E12000001,North Tyneside,392,E08000022,Primary,St Bartholomew's Church of England Primary School (Aided),3923302,108615,-5215.92,9797,-15012.92,0,-0.6
201819,Financial year,School,England,E92000001,North East,E12000001,North Tyneside,392,E08000022,Primary,St Cuthberts Roman Catholic Primary School Aided,3923305,108616,47800.16,17581,30219.16,0,4.4
201819,Financial year,School,England,E92000001,North East,E12000001,North Tyneside,392,E08000022,Primary,St Josephs Roman Catholic Primary School Aided,3923308,108617,226293,133838,92454.97,0,14.1
201819,Financial year,School,England,E92000001,North East,E12000001,North Tyneside,392,E08000022,Primary,St Marys Roman Catholic Primary School Aided,3923309,108618,54961.59,0,54961.59,0,5.7
201819,Financial year,School,England,E92000001,North East,E12000001,North Tyneside,392,E08000022,Primary,St Marys Roman Catholic Primary School Aided,3923315,108620,58317,7800,50517,0,6.7
201819,Financial year,School,England,E92000001,North East,E12000001,North Tyneside,392,E08000022,Primary,St Stephens Roman Catholic Primary School Aided,3923316,108621,52438.85,34929,17509.85,0,4.5
201819,Financial year,School,England,E92000001,North East,E12000001,North Tyneside,392,E08000022,Primary,Star of the Sea RC VA Primary,3923317,108622,152999.6,37277,115722.6,0,9.2
201819,Financial year,School,England,E92000001,North East,E12000001,North Tyneside,392,E08000022,Primary,St Aidan's Roman Catholic Primary School,3923318,108623,-22445.1,0,-22445.1,0,-2.2
201819,Financial year,School,England,E92000001,North East,E12000001,North Tyneside,392,E08000022,Primary,St Bernadettes Roman Catholic Primary School Aided,3923319,108624,56755.79,15820,40935.79,0,4
201819,Financial year,School,England,E92000001,North East,E12000001,North Tyneside,392,E08000022,Primary,St Columbas Roman Catholic Primary School Aided,3923320,108625,24972.14,9152,15820.14,0,2.5
201819,Financial year,School,England,E92000001,North East,E12000001,North Tyneside,392,E08000022,Primary,Wallsend St Peter's CofE Aided Primary School,3923321,108626,74350.21,14786,59564.21,0,6.7
201819,Financial year,School,England,E92000001,North East,E12000001,North Tyneside,392,E08000022,Secondary,Marden High School,3924006,108627,-533436,10000,-543436,0,-13.5
201819,Financial year,School,England,E92000001,North East,E12000001,North Tyneside,392,E08000022,Secondary,Norham High School,3924008,108628,-1462120,34389.35,-1496510,0,-47.7
201819,Financial year,School,England,E92000001,North East,E12000001,North Tyneside,392,E08000022,Middle deemed secondary,Marden Bridge Middle School,3924025,108635,22435.39,14325,3702.49,4407.9,0.9
201819,Financial year,School,England,E92000001,North East,E12000001,North Tyneside,392,E08000022,Middle deemed secondary,Valley Gardens Middle School,3924026,108636,233473.8,162529,70944.84,0,7.1
201819,Financial year,School,England,E92000001,North East,E12000001,North Tyneside,392,E08000022,Middle deemed secondary,Monkseaton Middle School,3924027,108637,29463.73,20549,8914.73,0,1.8
201819,Financial year,School,England,E92000001,North East,E12000001,North Tyneside,392,E08000022,Secondary,Whitley Bay High School,3924029,108638,30102.24,6505.2,23597.04,0,0.3
201819,Financial year,School,England,E92000001,North East,E12000001,North Tyneside,392,E08000022,Secondary,George Stephenson High School,3924030,108639,523010.9,297756,225254.9,0,7.7
201819,Financial year,School,England,E92000001,North East,E12000001,North Tyneside,392,E08000022,Secondary,Burnside College,3924032,108640,534462.7,167171,367291.7,0,7.6
201819,Financial year,School,England,E92000001,North East,E12000001,North Tyneside,392,E08000022,Secondary,Churchill Community College,3924033,108641,1721561,1401468,320092.6,0,21.2
201819,Financial year,School,England,E92000001,North East,E12000001,North Tyneside,392,E08000022,Secondary,Monkseaton  High School,3924034,108642,-3484563,25365.91,-3509929,0,-123.8
201819,Financial year,School,England,E92000001,North East,E12000001,North Tyneside,392,E08000022,Secondary,John Spence Community High School,3924038,108644,554368.1,359456,194912.1,0,9.6
201819,Financial year,School,England,E92000001,North East,E12000001,North Tyneside,392,E08000022,Secondary,Longbenton High School,3924039,108645,-1543856,40114,-1583970,0,-31.3
201819,Financial year,School,England,E92000001,North East,E12000001,North Tyneside,392,E08000022,Middle deemed secondary,Wellfield Middle School,3925400,108649,94782.13,25126.82,69655.31,0,6.2
201819,Financial year,School,England,E92000001,North East,E12000001,North Tyneside,392,E08000022,Special,Woodlawn School,3927001,108652,-16714.45,0,-16714.45,0,-0.8
201819,Financial year,School,England,E92000001,North East,E12000001,North Tyneside,392,E08000022,Special,Southlands School,3927002,108653,315172,203601,111571,0,13.6
201819,Financial year,School,England,E92000001,North East,E12000001,North Tyneside,392,E08000022,Special,Benton Dene School,3927004,108655,323293,113565,209728,0,11.8
201819,Financial year,School,England,E92000001,North East,E12000001,North Tyneside,392,E08000022,Special,Silverdale School,3927007,133432,160014.8,0,160014.8,0,6.9
201819,Financial year,School,England,E92000001,North East,E12000001,North Tyneside,392,E08000022,Special,Beacon Hill School,3927008,131544,291882.6,146781,131910.6,13191,6.5
201819,Financial year,School,England,E92000001,North East,E12000001,South Tyneside,393,E08000023,Nursery,Clervaux Nursery School,3931010,108661,1966.92,1966.92,0,0,0.5
201819,Financial year,School,England,E92000001,North East,E12000001,South Tyneside,393,E08000023,Nursery,Helen Gibson Nursery School,3931016,108663,31698.25,31698.25,0,0,7.3
201819,Financial year,School,England,E92000001,North East,E12000001,South Tyneside,393,E08000023,Nursery,Boldon Nursery School,3931018,108665,12115.83,2130.83,9985,0,2.7
201819,Financial year,School,England,E92000001,North East,E12000001,South Tyneside,393,E08000023,Nursery,The Sue Hedley Nursery School,3931021,132799,52210.32,24438,27772.32,0,8.8
201819,Financial year,School,England,E92000001,North East,E12000001,South Tyneside,393,E08000023,Pupil referral unit,Alternative Education Service - The Beacon Centre,3931100,108666,11990.58,0,11990.58,0,1.1
201819,Financial year,School,England,E92000001,North East,E12000001,South Tyneside,393,E08000023,Primary,Hadrian Primary School,3932000,108668,34927.34,15231.34,19696,0,2.3
201819,Financial year,School,England,E92000001,North East,E12000001,South Tyneside,393,E08000023,Primary,Westoe Crown Primary School,3932001,134187,105224.5,105219.5,5,0,3.9
201819,Financial year,School,England,E92000001,North East,E12000001,South Tyneside,393,E08000023,Primary,Sea View Primary School,3932002,134230,153165,63101.05,90064,0,7.3
201819,Financial year,School,England,E92000001,North East,E12000001,South Tyneside,393,E08000023,Primary,Laygate Community School,3932015,108672,86739.31,86739.31,0,0,6.3
201819,Financial year,School,England,E92000001,North East,E12000001,South Tyneside,393,E08000023,Primary,Mortimer Primary School,3932017,108673,153244.7,152926.7,318,0,6.2
201819,Financial year,School,England,E92000001,North East,E12000001,South Tyneside,393,E08000023,Primary,Marine Park Primary School,3932020,108675,180041.8,141298.8,38743,0,14.5
201819,Financial year,School,England,E92000001,North East,E12000001,South Tyneside,393,E08000023,Primary,Stanhope Primary School,3932023,108676,-2897.3,-2897.3,0,0,-0.2
201819,Financial year,School,England,E92000001,North East,E12000001,South Tyneside,393,E08000023,Primary,Biddick Hall Junior School,3932028,108678,88167.96,88167.96,0,0,7.2
201819,Financial year,School,England,E92000001,North East,E12000001,South Tyneside,393,E08000023,Primary,Biddick Hall Infants' School,3932033,108682,82383.09,60427.09,21956,0,6.6
201819,Financial year,School,England,E92000001,North East,E12000001,South Tyneside,393,E08000023,Primary,Ashley Primary School,3932038,108685,-59323.39,-59323.39,0,0,-2.8
201819,Financial year,School,England,E92000001,North East,E12000001,South Tyneside,393,E08000023,Primary,Hedworth Lane Primary School,3932040,108686,33000.02,33000.02,0,0,2.4
201819,Financial year,School,England,E92000001,North East,E12000001,South Tyneside,393,E08000023,Primary,Marsden Primary School,3932042,108687,112848,86125,26722.95,0,10.6
201819,Financial year,School,England,E92000001,North East,E12000001,South Tyneside,393,E08000023,Primary,East Boldon Infants' School,3932043,108688,33710.56,60523.56,-26813,0,4.3
201819,Financial year,School,England,E92000001,North East,E12000001,South Tyneside,393,E08000023,Primary,East Boldon Junior School,3932050,108692,37438.48,31458.48,5980,0,4.1
201819,Financial year,School,England,E92000001,North East,E12000001,South Tyneside,393,E08000023,Primary,Bede Burn Primary School,3932055,108693,78077.64,68939.64,9138,0,8.1
201819,Financial year,School,England,E92000001,North East,E12000001,South Tyneside,393,E08000023,Primary,Valley View Primary School,3932056,108694,15607.51,15607.51,0,0,1.3
201819,Financial year,School,England,E92000001,North East,E12000001,South Tyneside,393,E08000023,Primary,Dunn Street Primary School,3932063,108695,34198.75,34198.75,0,0,3.7
201819,Financial year,School,England,E92000001,North East,E12000001,South Tyneside,393,E08000023,Primary,Simonside Primary School,3932073,108698,79734.96,50372.96,29362,0,5.7
201819,Financial year,School,England,E92000001,North East,E12000001,South Tyneside,393,E08000023,Primary,Hedworthfield Primary School,3932075,108699,122567.7,122567.7,0,0,7.9
201819,Financial year,School,England,E92000001,North East,E12000001,South Tyneside,393,E08000023,Primary,Lord Blyton Primary School,3932076,108700,87499.14,80278.14,7221,0,7.8
201819,Financial year,School,England,E92000001,North East,E12000001,South Tyneside,393,E08000023,Primary,West Boldon Primary School,3932080,108701,91318.91,0,91318.91,0,5.9
201819,Financial year,School,England,E92000001,North East,E12000001,South Tyneside,393,E08000023,Primary,Toner Avenue Primary School,3932083,108704,5182.28,0,5182.28,0,0.3
201819,Financial year,School,England,E92000001,North East,E12000001,South Tyneside,393,E08000023,Primary,Fellgate Primary School,3932085,108706,-477941.1,-477941.1,0,0,-28.9
201819,Financial year,School,England,E92000001,North East,E12000001,South Tyneside,393,E08000023,Primary,Whitburn Village Primary School,3932086,131917,-3560.93,-3560.93,0,0,-0.3
201819,Financial year,School,England,E92000001,North East,E12000001,South Tyneside,393,E08000023,Primary,St Oswald's CofE Aided Primary School,3933006,108711,29794.21,19401,10393.21,0,2.8
201819,Financial year,School,England,E92000001,North East,E12000001,South Tyneside,393,E08000023,Primary,Jarrow Cross CofE Primary School,3933010,133680,144475.4,102542.4,41933,0,9.5
201819,Financial year,School,England,E92000001,North East,E12000001,South Tyneside,393,E08000023,Primary,St Bede's RC Voluntary Aided Primary School South Shields,3933301,108715,33063.26,9916.26,23147,0,3.2
201819,Financial year,School,England,E92000001,North East,E12000001,South Tyneside,393,E08000023,Primary,St Gregory's RC Voluntary Aided Primary School,3933303,108716,78006.08,58134.08,19872,0,8.3
201819,Financial year,School,England,E92000001,North East,E12000001,South Tyneside,393,E08000023,Primary,SS Peter and Paul RC Voluntary Aided Primary School,3933304,108717,64966.22,64511.22,455,0,5.5
201819,Financial year,School,England,E92000001,North East,E12000001,South Tyneside,393,E08000023,Primary,St Oswald's RC Voluntary Aided Primary School,3933305,108718,115155,107114,8041,0,10.6
201819,Financial year,School,England,E92000001,North East,E12000001,South Tyneside,393,E08000023,Primary,St Aloysius' RC Voluntary Aided Junior School,3933306,108719,-5690.09,0,-5690.09,0,-0.5
201819,Financial year,School,England,E92000001,North East,E12000001,South Tyneside,393,E08000023,Primary,St Aloysius RC Voluntary Aided Infant School,3933307,108720,4073.5,0,4073.5,0,0.4
201819,Financial year,School,England,E92000001,North East,E12000001,South Tyneside,393,E08000023,Primary,St Matthew's RC Voluntary Aided Primary School,3933311,108721,-111313.7,-111313.7,0,0,-11
201819,Financial year,School,England,E92000001,North East,E12000001,South Tyneside,393,E08000023,Primary,St Mary's RC Voluntary Aided Primary School,3933312,108722,87417.81,0,87417.81,0,7.1
201819,Financial year,School,England,E92000001,North East,E12000001,South Tyneside,393,E08000023,Primary,St James' RC Voluntary Aided Primary School,3933313,108723,81987.68,0,81987.68,0,8.1
201819,Financial year,School,England,E92000001,North East,E12000001,South Tyneside,393,E08000023,Primary,St Joseph's RC Voluntary Aided Primary School,3933314,108724,5848.18,5848.18,0,0,0.6
201819,Financial year,School,England,E92000001,North East,E12000001,South Tyneside,393,E08000023,Primary,St Bede's RC Primary School Jarrow,3933315,108725,48479.57,22601.57,25878,0,4.6
201819,Financial year,School,England,E92000001,North East,E12000001,South Tyneside,393,E08000023,Primary,Forest View Primary,3933318,135842,63921.85,32124.85,31797,0,4.7
201819,Financial year,School,England,E92000001,North East,E12000001,South Tyneside,393,E08000023,Primary,Hebburn Lakes Primary School,3933319,136163,261969.6,118435.6,143534,0,10.4
201819,Financial year,School,England,E92000001,North East,E12000001,South Tyneside,393,E08000023,Primary,Harton Primary School,3933320,136178,486035,90211,395824,0,15
201819,Financial year,School,England,E92000001,North East,E12000001,South Tyneside,393,E08000023,Secondary,Mortimer Community College,3934006,108727,-13020.11,0,-13020.11,0,-0.2
201819,Financial year,School,England,E92000001,North East,E12000001,South Tyneside,393,E08000023,Secondary,Boldon School,3934019,108730,-2243531,-2243531,0,0,-55.7
201819,Financial year,School,England,E92000001,North East,E12000001,South Tyneside,393,E08000023,Secondary,Hebburn Comprehensive School,3934026,108731,173568.4,0,173568.4,0,4.6
201819,Financial year,School,England,E92000001,North East,E12000001,South Tyneside,393,E08000023,Secondary,Jarrow School,3934033,133725,257935.3,257935.3,0,0,4.9
201819,Financial year,School,England,E92000001,North East,E12000001,South Tyneside,393,E08000023,Secondary,South Shields School,3934606,131756,28559.44,28559.44,0,0,0.7
201819,Financial year,School,England,E92000001,North East,E12000001,South Tyneside,393,E08000023,Special,Bamburgh School,3937000,108738,231663.5,0,231663.5,0,8.5
201819,Financial year,School,England,E92000001,North East,E12000001,South Tyneside,393,E08000023,Special,Epinay Business and Enterprise School,3937004,108741,200502.3,200502.3,0,0,8.7
201819,Financial year,School,England,E92000001,North East,E12000001,South Tyneside,393,E08000023,Special,Park View School,3937006,134813,18655.53,18655.53,0,0,1.5
201819,Financial year,School,England,E92000001,North East,E12000001,South Tyneside,393,E08000023,Special,Keelman's Way School,3937007,136252,175951,171217,4734,0,6.2
201819,Financial year,School,England,E92000001,North East,E12000001,Sunderland,394,E08000024,Nursery,Millfield Community Nursery School,3941002,108745,-84027.13,0,-84027.13,0,-24.4
201819,Financial year,School,England,E92000001,North East,E12000001,Sunderland,394,E08000024,Nursery,Houghton Le Spring Nursery School,3941003,108746,224831.6,224318.8,0,512.73,30.4
201819,Financial year,School,England,E92000001,North East,E12000001,Sunderland,394,E08000024,Nursery,Hetton-le-Hole Nursery School,3941005,108747,-118338,0,-118338,0,-27.4
201819,Financial year,School,England,E92000001,North East,E12000001,Sunderland,394,E08000024,Nursery,Hylton Red House Nursery School,3941006,108748,252551.6,279954.5,0,-27402.94,36
201819,Financial year,School,England,E92000001,North East,E12000001,Sunderland,394,E08000024,Nursery,Usworth Colliery Nursery School,3941007,108749,26162.49,26162.49,0,0,5.6
201819,Financial year,School,England,E92000001,North East,E12000001,Sunderland,394,E08000024,Nursery,Hetton Lyons Nursery School,3941008,108750,43509.63,43509.63,0,0,7.3
201819,Financial year,School,England,E92000001,North East,E12000001,Sunderland,394,E08000024,Nursery,Oxclose Nursery School,3941009,108751,283571.6,283571.6,0,0,58.2
201819,Financial year,School,England,E92000001,North East,E12000001,Sunderland,394,E08000024,Nursery,Mill Hill Nursery School,3941011,108752,7357.89,7357.89,0,0,1.7
201819,Financial year,School,England,E92000001,North East,E12000001,Sunderland,394,E08000024,Nursery,Pennywell Early Years Centre,3941012,108753,340738.4,339702.1,0,1036.28,45.1
201819,Financial year,School,England,E92000001,North East,E12000001,Sunderland,394,E08000024,Pupil referral unit,Ks1 Pupil Referral Unit,3941101,135639,8551.43,8551.43,0,0,1.7
201819,Financial year,School,England,E92000001,North East,E12000001,Sunderland,394,E08000024,Pupil referral unit,The Link School,3941102,135640,30574.29,30574.29,0,0,2.3
201819,Financial year,School,England,E92000001,North East,E12000001,Sunderland,394,E08000024,Pupil referral unit,The Link School Pallion,3941103,135641,0,0,0,0,0
201819,Financial year,School,England,E92000001,North East,E12000001,Sunderland,394,E08000024,Pupil referral unit,School Returners/Young Mums Provision,3941104,135642,17881.98,17881.98,0,0,4.4
201819,Financial year,School,England,E92000001,North East,E12000001,Sunderland,394,E08000024,Primary,Barnes Junior School,3942002,108755,78216.2,78216.2,0,0,5
201819,Financial year,School,England,E92000001,North East,E12000001,Sunderland,394,E08000024,Primary,Broadway Junior School,3942004,108757,44327.83,42972.99,0,1354.84,3.3
201819,Financial year,School,England,E92000001,North East,E12000001,Sunderland,394,E08000024,Primary,Northern Saints CofE Voluntary Aided Primary School,3942006,139425,233137.5,233137.5,0,0,8.3
201819,Financial year,School,England,E92000001,North East,E12000001,Sunderland,394,E08000024,Primary,Grangetown Primary School,3942010,108758,358484.7,310682.3,0,47802.48,23.6
201819,Financial year,School,England,E92000001,North East,E12000001,Sunderland,394,E08000024,Primary,Fulwell Junior School,3942019,108763,129496.5,127013.5,0,2483,8.6
201819,Financial year,School,England,E92000001,North East,E12000001,Sunderland,394,E08000024,Primary,Grange Park Primary School,3942021,108765,152473.9,147748.8,0,4725.07,13.3
201819,Financial year,School,England,E92000001,North East,E12000001,Sunderland,394,E08000024,Primary,Grindon Infant School,3942026,108766,50948.85,38978.36,0,11970.49,5.7
201819,Financial year,School,England,E92000001,North East,E12000001,Sunderland,394,E08000024,Primary,Southwick  Community Primary School,3942035,108769,315446.8,244934.2,0,70512.54,12.7
201819,Financial year,School,England,E92000001,North East,E12000001,Sunderland,394,E08000024,Primary,Hudson Road Primary School,3942042,108772,110117.8,91586.7,0,18531.07,5.9
201819,Financial year,School,England,E92000001,North East,E12000001,Sunderland,394,E08000024,Primary,Dame Dorothy Primary School,3942070,108776,107806.7,101317.9,0,6488.78,8.8
201819,Financial year,School,England,E92000001,North East,E12000001,Sunderland,394,E08000024,Primary,Willow Fields Community Primary School,3942088,108783,116176.2,116176.2,0,0,11.8
201819,Financial year,School,England,E92000001,North East,E12000001,Sunderland,394,E08000024,Primary,Mill Hill Primary School,3942089,108784,103085,103085,0,0,5.6
201819,Financial year,School,England,E92000001,North East,E12000001,Sunderland,394,E08000024,Primary,Seaburn Dene Primary School,3942092,108786,48111.01,36876.44,0,11234.57,4.8
201819,Financial year,School,England,E92000001,North East,E12000001,Sunderland,394,E08000024,Primary,Ryhope Junior School,3942093,108787,132709,132709,0,0,11.9
201819,Financial year,School,England,E92000001,North East,E12000001,Sunderland,394,E08000024,Primary,Castletown Primary School,3942099,108792,242624.4,242624.4,0,0,12.7
201819,Financial year,School,England,E92000001,North East,E12000001,Sunderland,394,E08000024,Primary,East Rainton Primary School,3942104,108794,60625.46,60625.46,0,0,8.9
201819,Financial year,School,England,E92000001,North East,E12000001,Sunderland,394,E08000024,Primary,Easington Lane Primary School,3942105,108795,119563.8,119563.8,0,0,8.2
201819,Financial year,School,England,E92000001,North East,E12000001,Sunderland,394,E08000024,Primary,Usworth Colliery Primary School,3942115,108799,72000.62,72000.62,0,0,3.4
201819,Financial year,School,England,E92000001,North East,E12000001,Sunderland,394,E08000024,Primary,Springwell Village Primary School,3942117,108800,6696.59,6696.59,0,0,0.7
201819,Financial year,School,England,E92000001,North East,E12000001,Sunderland,394,E08000024,Primary,Hetton Primary School,3942126,108803,83162.27,83162.27,0,0,10.8
201819,Financial year,School,England,E92000001,North East,E12000001,Sunderland,394,E08000024,Primary,Biddick Primary School,3942153,108816,107445,107445,0,0,7.4
201819,Financial year,School,England,E92000001,North East,E12000001,Sunderland,394,E08000024,Primary,Lambton Primary School,3942157,108817,81770.51,74248.57,0,7521.94,6.6
201819,Financial year,School,England,E92000001,North East,E12000001,Sunderland,394,E08000024,Primary,Rickleton Primary School,3942158,108818,84282.39,84282.39,0,0,4.3
201819,Financial year,School,England,E92000001,North East,E12000001,Sunderland,394,E08000024,Primary,Richard Avenue Primary School,3942159,108819,470951.8,470951.8,0,0,23.3
201819,Financial year,School,England,E92000001,North East,E12000001,Sunderland,394,E08000024,Primary,Marlborough Primary School,3942167,108822,151523.6,151523.6,0,0,13
201819,Financial year,School,England,E92000001,North East,E12000001,Sunderland,394,E08000024,Primary,Shiney Row Primary School,3942171,108826,80097.09,80097.09,0,0,6.1
201819,Financial year,School,England,E92000001,North East,E12000001,Sunderland,394,E08000024,Primary,Thorney Close Primary School,3942174,108828,19111.31,19111.31,0,0,1.4
201819,Financial year,School,England,E92000001,North East,E12000001,Sunderland,394,E08000024,Primary,Bernard Gilpin Primary School,3942176,108830,-26355.86,0,-26355.86,0,-1.5
201819,Financial year,School,England,E92000001,North East,E12000001,Sunderland,394,E08000024,Primary,Hylton Castle Primary School,3942178,108832,129343,125527.6,0,3815.42,10.1
201819,Financial year,School,England,E92000001,North East,E12000001,Sunderland,394,E08000024,Primary,Blackfell Primary School,3942179,108833,178442.9,178442.9,0,0,17.7
201819,Financial year,School,England,E92000001,North East,E12000001,Sunderland,394,E08000024,Primary,Barmston Village Primary School,3942181,108835,163565.1,163619.9,0,-54.85,13.8
201819,Financial year,School,England,E92000001,North East,E12000001,Sunderland,394,E08000024,Primary,Albany Village Primary School,3942182,131036,131505.6,131505.6,0,0,11.4
201819,Financial year,School,England,E92000001,North East,E12000001,Sunderland,394,E08000024,Primary,Valley Road Community Primary School,3942341,133559,0,0,0,0,0
201819,Financial year,School,England,E92000001,North East,E12000001,Sunderland,394,E08000024,Primary,St Paul's CofE Primary School,3943005,108836,84834.45,84834.45,0,0,7.7
201819,Financial year,School,England,E92000001,North East,E12000001,Sunderland,394,E08000024,Primary,St Benet's Roman Catholic Voluntary Aided Primary School,3943301,108837,137727,137727,0,0,9.4
201819,Financial year,School,England,E92000001,North East,E12000001,Sunderland,394,E08000024,Primary,St Cuthbert's Roman Catholic Voluntary Aided Primary School,3943302,108838,170888,135298.5,0,35589.6,14.5
201819,Financial year,School,England,E92000001,North East,E12000001,Sunderland,394,E08000024,Primary,St Mary's Roman Catholic Voluntary Aided Primary School,3943306,108840,78777.04,74875.64,0,3901.4,4.2
201819,Financial year,School,England,E92000001,North East,E12000001,Sunderland,394,E08000024,Primary,St Joseph's Roman Catholic Voluntary Aided Primary School Sunderland,3943308,108841,74811.31,74811.31,0,0,6.6
201819,Financial year,School,England,E92000001,North East,E12000001,Sunderland,394,E08000024,Primary,English Martyrs' Roman Catholic Voluntary Aided Primary School,3943313,108842,296327.7,296327.2,0,0.5,26.7
201819,Financial year,School,England,E92000001,North East,E12000001,Sunderland,394,E08000024,Primary,St Anne's Roman Catholic Voluntary Aided Primary School,3943315,108843,129615.9,125519.3,0,4096.54,12
201819,Financial year,School,England,E92000001,North East,E12000001,Sunderland,394,E08000024,Primary,St John Bosco Roman Catholic Voluntary Aided Primary School,3943316,108844,207291.1,207291.1,0,0,20.3
201819,Financial year,School,England,E92000001,North East,E12000001,Sunderland,394,E08000024,Primary,St Patrick's Roman Catholic Voluntary Aided Primary School,3943317,108845,28114.48,28114.48,0,0,4
201819,Financial year,School,England,E92000001,North East,E12000001,Sunderland,394,E08000024,Primary,St Leonard's Roman Catholic Voluntary Aided Primary School,3943319,108846,118708.8,118708.8,0,0,13.7
201819,Financial year,School,England,E92000001,North East,E12000001,Sunderland,394,E08000024,Primary,St Michael's Roman Catholic Voluntary Aided Primary School,3943323,108849,176598.3,176598.3,0,0,18.9
201819,Financial year,School,England,E92000001,North East,E12000001,Sunderland,394,E08000024,Primary,St Joseph's Washington RC School,3943326,108850,174180.8,159876.4,0,14304.32,18.3
201819,Financial year,School,England,E92000001,North East,E12000001,Sunderland,394,E08000024,Primary,Our Lady Queen of Peace Roman Catholic Voluntary Aided Primary School,3943327,108851,80564.26,80564.26,0,0,6.3
201819,Financial year,School,England,E92000001,North East,E12000001,Sunderland,394,E08000024,Primary,St Bede's Roman Catholic Voluntary Aided Primary School,3943329,108852,27794.84,27794.84,0,0,2.8
201819,Financial year,School,England,E92000001,North East,E12000001,Sunderland,394,E08000024,Primary,St John Boste Roman Catholic Voluntary Aided Primary School,3943330,108853,97255.37,97255.37,0,0,10.7
201819,Financial year,School,England,E92000001,North East,E12000001,Sunderland,394,E08000024,Primary,Wessington Primary School,3943332,134532,17787.39,334.98,0,17452.41,1.2
201819,Financial year,School,England,E92000001,North East,E12000001,Sunderland,394,E08000024,Primary,Highfield Community Primary School,3943333,134644,0,0,0,0,0
201819,Financial year,School,England,E92000001,North East,E12000001,Sunderland,394,E08000024,Secondary,Hetton School,3944059,108862,96137.68,96137.68,0,0,2.5
201819,Financial year,School,England,E92000001,North East,E12000001,Sunderland,394,E08000024,Secondary,St Robert of Newminster Roman Catholic School,3944609,108870,274231.8,274231.8,0,0,3.2
201819,Financial year,School,England,E92000001,North East,E12000001,Sunderland,394,E08000024,Special,Columbia Grange School,3947001,134184,220718.8,216005.1,0,4713.75,9.4
201819,Financial year,School,England,E92000001,North East,E12000001,Sunderland,394,E08000024,Special,Sunningdale School,3947016,108882,384239.8,335761.7,0,48478.07,14.9
201819,Financial year,School,England,E92000001,North East,E12000001,Hartlepool,805,E06000001,Pupil referral unit,The Horizon School Hartlepool,8051100,131294,-68195.12,0,-68195.12,0,-9.8
201819,Financial year,School,England,E92000001,North East,E12000001,Hartlepool,805,E06000001,Primary,Ward Jackson Church of England VA Primary School,8052000,136943,-83297.24,0,-83297.24,0,-9.4
201819,Financial year,School,England,E92000001,North East,E12000001,Hartlepool,805,E06000001,Primary,Hart Primary School,8052001,111522,0,0,0,0,0
201819,Financial year,School,England,E92000001,North East,E12000001,Hartlepool,805,E06000001,Primary,Golden Flatts Primary School,8052126,111581,90530.45,90530.45,0,0,9.6
201819,Financial year,School,England,E92000001,North East,E12000001,Hartlepool,805,E06000001,Primary,Lynnfield Primary School,8052153,111590,214048.6,209694,0,4354.62,10
201819,Financial year,School,England,E92000001,North East,E12000001,Hartlepool,805,E06000001,Primary,Fens Primary School,8052187,111600,212419.4,212419.4,0,0,10.8
201819,Financial year,School,England,E92000001,North East,E12000001,Hartlepool,805,E06000001,Primary,Kingsley Primary School,8052189,111601,115546.1,115546.1,0,0,4.5
201819,Financial year,School,England,E92000001,North East,E12000001,Hartlepool,805,E06000001,Primary,St Helen's Primary School,8052211,111605,284699.1,284699.1,0,0,16.5
201819,Financial year,School,England,E92000001,North East,E12000001,Hartlepool,805,E06000001,Primary,Throston Primary School,8052236,111612,50498.41,50498.41,0,0,2.5
201819,Financial year,School,England,E92000001,North East,E12000001,Hartlepool,805,E06000001,Primary,Clavering Primary School,8052238,111614,334939.5,334939.5,0,0,18.8
201819,Financial year,School,England,E92000001,North East,E12000001,Hartlepool,805,E06000001,Primary,Barnard Grove Primary School,8052310,111617,114406.9,114406.9,0,0,6.5
201819,Financial year,School,England,E92000001,North East,E12000001,Hartlepool,805,E06000001,Primary,Rift House Primary School,8052341,111640,7508.29,7508.29,0,0,0.5
201819,Financial year,School,England,E92000001,North East,E12000001,Hartlepool,805,E06000001,Primary,Rossmere Primary School,8052342,111641,-100427.3,0,-79042.86,-21384.39,-4.8
201819,Financial year,School,England,E92000001,North East,E12000001,Hartlepool,805,E06000001,Primary,Grange Primary School,8052364,111661,85792.85,85792.85,0,0,3.8
201819,Financial year,School,England,E92000001,North East,E12000001,Hartlepool,805,E06000001,Primary,St Peter's Elwick Church of England Voluntary Aided Primary School,8053003,111670,0,0,0,0,0
201819,Financial year,School,England,E92000001,North East,E12000001,Hartlepool,805,E06000001,Primary,Greatham CofE Primary School,8053006,111673,94275.25,94275.25,0,0,14.2
201819,Financial year,School,England,E92000001,North East,E12000001,Hartlepool,805,E06000001,Primary,Sacred Heart RC Primary School,8053321,111691,114274.9,114274.9,0,0,5.7
201819,Financial year,School,England,E92000001,North East,E12000001,Hartlepool,805,E06000001,Primary,St Cuthbert's RC Primary School,8053322,111692,33061.56,33061.56,0,0,2.5
201819,Financial year,School,England,E92000001,North East,E12000001,Hartlepool,805,E06000001,Primary,St Joseph's RC Primary School,8053323,111693,108121.9,108121.9,0,0,13.1
201819,Financial year,School,England,E92000001,North East,E12000001,Hartlepool,805,E06000001,Primary,St Teresa's RC Primary School,8053324,111694,113662.3,113662.3,0,0,7.1
201819,Financial year,School,England,E92000001,North East,E12000001,Hartlepool,805,E06000001,Primary,St Bega's RC Primary School,8053328,111697,45858.07,45858.07,0,0,5
201819,Financial year,School,England,E92000001,North East,E12000001,Hartlepool,805,E06000001,Primary,St John Vianney RC Primary School,8053329,111698,79883.23,125487.4,0,-45604.14,4.6
201819,Financial year,School,England,E92000001,North East,E12000001,Hartlepool,805,E06000001,Secondary,St Hild's Church of England Voluntary Aided School,8054000,133293,-1711561,0,-1711561,0,-39.8
201819,Financial year,School,England,E92000001,North East,E12000001,Hartlepool,805,E06000001,Secondary,High Tunstall College of Science,8054133,111748,-4001.94,0,-4001.94,0,-0.1
201819,Financial year,School,England,E92000001,North East,E12000001,Hartlepool,805,E06000001,Special,Springwell School,8057027,111785,159488.7,159488.7,0,0,8.4
201819,Financial year,School,England,E92000001,North East,E12000001,Middlesbrough,806,E06000002,Primary,Abingdon Primary School,8062000,131519,166373.2,166373.2,0,0,5.8
201819,Financial year,School,England,E92000001,North East,E12000001,Middlesbrough,806,E06000002,Primary,Ayresome Primary School,8062001,133659,-48359.94,0,-48359.94,0,-1.6
201819,Financial year,School,England,E92000001,North East,E12000001,Middlesbrough,806,E06000002,Primary,Whinney Banks Primary School,8062002,134076,161059.8,161059.8,0,0,7
201819,Financial year,School,England,E92000001,North East,E12000001,Middlesbrough,806,E06000002,Primary,Linthorpe Community Primary School,8062003,134259,233637.9,233637.9,0,0,29.8
201819,Financial year,School,England,E92000001,North East,E12000001,Middlesbrough,806,E06000002,Primary,Beech Grove Primary School,8062120,111577,61723.44,61723.44,0,0,2.3
201819,Financial year,School,England,E92000001,North East,E12000001,Middlesbrough,806,E06000002,Primary,Newport Primary School,8062124,111580,241329.3,241329.3,0,0,12.3
201819,Financial year,School,England,E92000001,North East,E12000001,Middlesbrough,806,E06000002,Primary,Newham Bridge Primary School,8062138,111585,41953.06,41953.06,0,0,2.6
201819,Financial year,School,England,E92000001,North East,E12000001,Middlesbrough,806,E06000002,Primary,Acklam Whin Primary School,8062139,111586,181063.6,181063.6,0,0,9.4
201819,Financial year,School,England,E92000001,North East,E12000001,Middlesbrough,806,E06000002,Primary,Breckon Hill Primary School,8062141,111587,18149.74,18149.74,0,0,0.7
201819,Financial year,School,England,E92000001,North East,E12000001,Middlesbrough,806,E06000002,Primary,The Avenue Primary School,8062167,111595,61914.68,61914.68,0,0,12.4
201819,Financial year,School,England,E92000001,North East,E12000001,Middlesbrough,806,E06000002,Primary,Lingfield Primary School,8062175,111596,34358.85,34358.85,0,0,8.6
201819,Financial year,School,England,E92000001,North East,E12000001,Middlesbrough,806,E06000002,Primary,Marton Manor Primary School,8062180,111597,91985.99,91985.99,0,0,21.9
201819,Financial year,School,England,E92000001,North East,E12000001,Middlesbrough,806,E06000002,Primary,Berwick Hills Primary School,8062326,111626,286185.9,286185.9,0,0,15.1
201819,Financial year,School,England,E92000001,North East,E12000001,Middlesbrough,806,E06000002,Primary,Park End Primary School,8062332,111632,448720.5,448720.5,0,0,14.4
201819,Financial year,School,England,E92000001,North East,E12000001,Middlesbrough,806,E06000002,Primary,Thorntree Primary School,8062333,111633,485183.5,485183.5,0,0,22.6
201819,Financial year,School,England,E92000001,North East,E12000001,Middlesbrough,806,E06000002,Primary,Captain Cook Primary School,8062370,130337,-8485.76,0,-8485.76,0,-1.2
201819,Financial year,School,England,E92000001,North East,E12000001,Middlesbrough,806,E06000002,Secondary,Acklam Grange School,8064136,111751,249657.2,249657.2,0,0,11
201819,Financial year,School,England,E92000001,North East,E12000001,Middlesbrough,806,E06000002,Special,Holmwood School,8067005,111775,330670.1,330670.1,0,0,17.9
201819,Financial year,School,England,E92000001,North East,E12000001,Redcar and Cleveland,807,E06000003,Pupil referral unit,Archway,8071100,111520,-91142.72,0,-91142.72,0,-5.2
201819,Financial year,School,England,E92000001,North East,E12000001,Redcar and Cleveland,807,E06000003,Primary,Highcliffe Primary School,8072000,131457,166432.3,166432.3,0,0,8.5
201819,Financial year,School,England,E92000001,North East,E12000001,Redcar and Cleveland,807,E06000003,Primary,Lingdale Primary School,8072016,111531,60806.92,60806.92,0,0,9.9
201819,Financial year,School,England,E92000001,North East,E12000001,Redcar and Cleveland,807,E06000003,Primary,Lockwood Primary School,8072018,111533,52407.36,52407.36,0,0,5
201819,Financial year,School,England,E92000001,North East,E12000001,Redcar and Cleveland,807,E06000003,Primary,Teesville Primary School,8072196,111602,62557.3,62557.3,0,0,3.9
201819,Financial year,School,England,E92000001,North East,E12000001,Redcar and Cleveland,807,E06000003,Primary,Bankfields Primary School,8072207,111604,132411.9,132411.9,0,0,8.1
201819,Financial year,School,England,E92000001,North East,E12000001,Redcar and Cleveland,807,E06000003,Primary,Wilton Primary School,8072233,111611,113098,113098,0,0,49.5
201819,Financial year,School,England,E92000001,North East,E12000001,Redcar and Cleveland,807,E06000003,Primary,Hummersea Primary School,8072311,111618,64325.05,64325.05,0,0,4.2
201819,Financial year,School,England,E92000001,North East,E12000001,Redcar and Cleveland,807,E06000003,Primary,Whale Hill Primary School,8072336,111635,116270.9,116270.9,0,0,4.1
201819,Financial year,School,England,E92000001,North East,E12000001,Redcar and Cleveland,807,E06000003,Primary,Newcomen Primary School,8072339,111638,84497.83,84497.83,0,0,5
201819,Financial year,School,England,E92000001,North East,E12000001,Redcar and Cleveland,807,E06000003,Primary,Grangetown Primary School,8072349,111647,394490.6,394490.6,0,0,22
201819,Financial year,School,England,E92000001,North East,E12000001,Redcar and Cleveland,807,E06000003,Primary,Errington Primary School,8072357,111655,-52989.67,0,-52989.67,0,-7.5
201819,Financial year,School,England,E92000001,North East,E12000001,Redcar and Cleveland,807,E06000003,Primary,Belmont Primary School,8072365,111662,110424,110424,0,0,7.2
201819,Financial year,School,England,E92000001,North East,E12000001,Redcar and Cleveland,807,E06000003,Primary,Saltburn Primary School,8072366,111663,157931.1,157931.1,0,0,8.5
201819,Financial year,School,England,E92000001,North East,E12000001,Redcar and Cleveland,807,E06000003,Primary,Caedmon Primary School,8073389,134096,79395.48,79395.48,0,0,4.5
201819,Financial year,School,England,E92000001,North East,E12000001,Redcar and Cleveland,807,E06000003,Primary,South Bank Community Primary School,8073394,134705,215709.3,215709.3,0,0,12.1
201819,Financial year,School,England,E92000001,North East,E12000001,Redcar and Cleveland,807,E06000003,Primary,Chaloner Primary School,8073396,131644,194767.9,194767.9,0,0,13.9
201819,Financial year,School,England,E92000001,North East,E12000001,Redcar and Cleveland,807,E06000003,Primary,Handale Primary School,8073397,131645,108369.5,108369.5,0,0,8.5
201819,Financial year,School,England,E92000001,North East,E12000001,Redcar and Cleveland,807,E06000003,Secondary,Laurence Jackson School,8074005,111724,64823.42,64823.42,0,0,0.9
201819,Financial year,School,England,E92000001,North East,E12000001,Redcar and Cleveland,807,E06000003,Secondary,Huntcliff School,8074007,111726,373565.2,373565.2,0,0,10.3
201819,Financial year,School,England,E92000001,North East,E12000001,Redcar and Cleveland,807,E06000003,Special,Kirkleatham Hall School,8077008,111777,398989.9,398989.9,0,0,11.4
201819,Financial year,School,England,E92000001,North East,E12000001,Redcar and Cleveland,807,E06000003,Special,Pathways Special School,8077031,128190,-17584.63,0,-17584.63,0,-1
201819,Financial year,School,England,E92000001,North East,E12000001,Stockton-on-Tees,808,E06000004,Pupil referral unit,Bishopton Centre,8081101,111521,-114311.6,0,-114311.6,0,-6.1
201819,Financial year,School,England,E92000001,North East,E12000001,Stockton-on-Tees,808,E06000004,Primary,Oakdene Primary School,8082000,131409,93861.89,10156,83705.89,0,5.9
201819,Financial year,School,England,E92000001,North East,E12000001,Stockton-on-Tees,808,E06000004,Primary,St Francis of Assisi CofE School,8082002,132810,50491.88,0,50491.88,0,3.3
201819,Financial year,School,England,E92000001,North East,E12000001,Stockton-on-Tees,808,E06000004,Primary,Myton Park Primary School,8082003,132808,114202.5,28485,85717.54,0,8.5
201819,Financial year,School,England,E92000001,North East,E12000001,Stockton-on-Tees,808,E06000004,Primary,High Clarence Primary School,8082004,111523,29713.58,11909,17804.58,0,4
201819,Financial year,School,England,E92000001,North East,E12000001,Stockton-on-Tees,808,E06000004,Primary,Billingham South Community Primary School,8082005,111524,174778,0,174778,0,7.6
201819,Financial year,School,England,E92000001,North East,E12000001,Stockton-on-Tees,808,E06000004,Primary,Wolviston Primary School,8082020,111534,0,0,0,0,0
201819,Financial year,School,England,E92000001,North East,E12000001,Stockton-on-Tees,808,E06000004,Primary,Preston Primary School,8082022,111535,84744.26,0,84744.26,0,6.8
201819,Financial year,School,England,E92000001,North East,E12000001,Stockton-on-Tees,808,E06000004,Primary,Mill Lane Primary School,8082030,111539,75044.41,1387,73657.41,0,4.8
201819,Financial year,School,England,E92000001,North East,E12000001,Stockton-on-Tees,808,E06000004,Primary,Bowesfield Primary School,8082032,111540,80878.87,56711,24167.87,0,5.1
201819,Financial year,School,England,E92000001,North East,E12000001,Stockton-on-Tees,808,E06000004,Primary,Hartburn Primary School,8082042,111543,0,0,0,0,0
201819,Financial year,School,England,E92000001,North East,E12000001,Stockton-on-Tees,808,E06000004,Primary,Whitehouse Primary School,8082056,111549,218390.1,31969,186421.1,0,10.2
201819,Financial year,School,England,E92000001,North East,E12000001,Stockton-on-Tees,808,E06000004,Primary,The Glebe Primary School,8082057,111550,135538.2,20775,114763.2,0,7.7
201819,Financial year,School,England,E92000001,North East,E12000001,Stockton-on-Tees,808,E06000004,Primary,The Village Primary,8082075,111559,0,0,0,0,0
201819,Financial year,School,England,E92000001,North East,E12000001,Stockton-on-Tees,808,E06000004,Primary,Durham Lane Primary School,8082080,111562,105223.4,63468,41755.44,0,12.6
201819,Financial year,School,England,E92000001,North East,E12000001,Stockton-on-Tees,808,E06000004,Primary,Kirklevington Primary School,8082085,111565,0,0,0,0,0
201819,Financial year,School,England,E92000001,North East,E12000001,Stockton-on-Tees,808,E06000004,Primary,Levendale Primary School,8082087,111566,63860.95,63860.95,0,0,7
201819,Financial year,School,England,E92000001,North East,E12000001,Stockton-on-Tees,808,E06000004,Primary,Bewley Primary School,8082088,136093,141479.1,7842,133637.1,0,7
201819,Financial year,School,England,E92000001,North East,E12000001,Stockton-on-Tees,808,E06000004,Primary,Layfield Primary School,8082324,111624,0,0,0,0,0
201819,Financial year,School,England,E92000001,North East,E12000001,Stockton-on-Tees,808,E06000004,Primary,Oxbridge Lane Primary School,8082345,111644,49565.96,0,49565.96,0,2.4
201819,Financial year,School,England,E92000001,North East,E12000001,Stockton-on-Tees,808,E06000004,Primary,Ingleby Mill Primary School,8082362,130256,163267.8,63268,99999.83,0,7.1
201819,Financial year,School,England,E92000001,North East,E12000001,Stockton-on-Tees,808,E06000004,Primary,Tilery Primary School,8082363,111660,97296.13,39554,57742.13,0,5.4
201819,Financial year,School,England,E92000001,North East,E12000001,Stockton-on-Tees,808,E06000004,Primary,Mandale Mill Primary School,8082371,130378,100889.9,31706,69183.9,0,5.2
201819,Financial year,School,England,E92000001,North East,E12000001,Stockton-on-Tees,808,E06000004,Primary,Prior's Mill Church of England Controlled Primary School Billingham,8083000,111667,61527.92,0,61527.92,0,2.7
201819,Financial year,School,England,E92000001,North East,E12000001,Stockton-on-Tees,808,E06000004,Primary,St John the Baptist Church of England Voluntary Controlled Primary School,8083001,111668,112876,0,112876,0,7
201819,Financial year,School,England,E92000001,North East,E12000001,Stockton-on-Tees,808,E06000004,Primary,Thornaby-on-Tees Church of England Voluntary Controlled Primary School,8083002,111669,137724.4,939,136785.4,0,8
201819,Financial year,School,England,E92000001,North East,E12000001,Stockton-on-Tees,808,E06000004,Primary,Our Lady of the Most Holy Rosary RC Primary School,8083303,111676,18495.14,18495.14,0,0,2.6
201819,Financial year,School,England,E92000001,North East,E12000001,Stockton-on-Tees,808,E06000004,Primary,St Cuthbert's RC Voluntary Aided Primary School,8083312,111683,98568.69,23317,75251.69,0,8.2
201819,Financial year,School,England,E92000001,North East,E12000001,Stockton-on-Tees,808,E06000004,Primary,St Joseph's Roman Catholic Voluntary Aided Primary School Norton,8083313,111684,53202.14,53202.14,0,0,4.4
201819,Financial year,School,England,E92000001,North East,E12000001,Stockton-on-Tees,808,E06000004,Primary,St Patrick's Roman Catholic Voluntary Aided Primary School,8083316,111687,210027.5,102162,107865.5,0,17.7
201819,Financial year,School,England,E92000001,North East,E12000001,Stockton-on-Tees,808,E06000004,Primary,St Mary's Church of England Aided Primary School Long Newton,8083383,111712,0,0,0,0,0
201819,Financial year,School,England,E92000001,North East,E12000001,Stockton-on-Tees,808,E06000004,Primary,William Cassidi Church of England Aided Primary School,8083392,111720,90135.17,27547,62588.17,0,11.2
201819,Financial year,School,England,E92000001,North East,E12000001,Stockton-on-Tees,808,E06000004,Primary,Fairfield Primary School,8083393,134621,116457.6,43040,73417.58,0,6
201819,Financial year,School,England,E92000001,North East,E12000001,Stockton-on-Tees,808,E06000004,Primary,Barley Fields Primary,8083394,134708,317051.7,0,317051.7,0,12.4
201819,Financial year,School,England,E92000001,North East,E12000001,Stockton-on-Tees,808,E06000004,Primary,Harewood Primary School,8083395,134853,153819.4,0,153819.4,0,6.3
201819,Financial year,School,England,E92000001,North East,E12000001,Stockton-on-Tees,808,E06000004,Primary,Holy Trinity Rosehill CofE Voluntary Aided Primary School,8083396,131251,20583.46,20583.46,0,0,1.2
201819,Financial year,School,England,E92000001,North East,E12000001,Stockton-on-Tees,808,E06000004,Primary,Roseberry Primary School,8083397,135126,131158.7,130000,1158.72,0,6.6
201819,Financial year,School,England,E92000001,North East,E12000001,Stockton-on-Tees,808,E06000004,Secondary,Northfield School and Sports College,8084102,111731,517329.2,214547,302782.2,0,6.3
201819,Financial year,School,England,E92000001,North East,E12000001,Durham,840,E06000047,Nursery,Oxhill Nursery School,8401014,113970,87112.15,87112.15,0,0,11.1
201819,Financial year,School,England,E92000001,North East,E12000001,Durham,840,E06000047,Nursery,Wingate Community Nursery School,8401016,113971,153162,153162,0,0,28.5
201819,Financial year,School,England,E92000001,North East,E12000001,Durham,840,E06000047,Nursery,Aclet Close Nursery School,8401018,113972,9927.27,9927.27,0,0,2.9
201819,Financial year,School,England,E92000001,North East,E12000001,Durham,840,E06000047,Nursery,Oxclose Nursery School,8401021,113973,79502.41,79502.41,0,0,18.2
201819,Financial year,School,England,E92000001,North East,E12000001,Durham,840,E06000047,Nursery,Seaham Harbour Nursery School,8401023,113975,48011.09,48011.09,0,0,9.1
201819,Financial year,School,England,E92000001,North East,E12000001,Durham,840,E06000047,Nursery,Etherley Lane Nursery School,8401024,113976,91628.81,91628.81,0,0,26.6
201819,Financial year,School,England,E92000001,North East,E12000001,Durham,840,E06000047,Nursery,Langley Moor Nursery School,8401025,113977,40753.07,40753.07,0,0,11.4
201819,Financial year,School,England,E92000001,North East,E12000001,Durham,840,E06000047,Nursery,Beechdale Nursery School,8401033,113985,52281.15,52281.15,0,0,10.8
201819,Financial year,School,England,E92000001,North East,E12000001,Durham,840,E06000047,Nursery,Horden Nursery School,8401035,113986,114543.1,117043.1,0,-2500,21.2
201819,Financial year,School,England,E92000001,North East,E12000001,Durham,840,E06000047,Nursery,Rosemary Lane Nursery School,8401038,113989,72057.62,72057.62,0,0,14
201819,Financial year,School,England,E92000001,North East,E12000001,Durham,840,E06000047,Nursery,Tudhoe Moor Nursery School,8401040,113991,125075.5,129138.4,0,-4062.82,28.1
201819,Financial year,School,England,E92000001,North East,E12000001,Durham,840,E06000047,Pupil referral unit,The Woodlands,8401100,113992,0,0,0,0,0
201819,Financial year,School,England,E92000001,North East,E12000001,Durham,840,E06000047,Primary,Ropery Walk Primary School,8402000,113993,140544.2,140544.2,0,0,10.1
201819,Financial year,School,England,E92000001,North East,E12000001,Durham,840,E06000047,Primary,Middlestone Moor Primary School,8402001,131886,140681,140681,0,0,10.4
201819,Financial year,School,England,E92000001,North East,E12000001,Durham,840,E06000047,Primary,Chilton Primary School,8402002,131865,-21901.35,0,-21901.35,0,-10.1
201819,Financial year,School,England,E92000001,North East,E12000001,Durham,840,E06000047,Primary,North Park Primary School,8402003,132172,53677.2,53677.2,0,0,4.7
201819,Financial year,School,England,E92000001,North East,E12000001,Durham,840,E06000047,Primary,Seascape Primary School,8402004,133701,93459.04,84968.97,0,8490.07,5
201819,Financial year,School,England,E92000001,North East,E12000001,Durham,840,E06000047,Primary,Pelton Community Primary School,8402005,134078,133522.4,128396.7,0,5125.74,8.1
201819,Financial year,School,England,E92000001,North East,E12000001,Durham,840,E06000047,Primary,Westlea Primary School,8402043,113998,171517.6,170881.8,0,635.89,11.6
201819,Financial year,School,England,E92000001,North East,E12000001,Durham,840,E06000047,Primary,Edmondsley Primary School,8402105,114001,65925.16,65925.16,0,0,7.2
201819,Financial year,School,England,E92000001,North East,E12000001,Durham,840,E06000047,Primary,Lumley Junior School,8402107,114002,73827.66,73827.66,0,0,8.9
201819,Financial year,School,England,E92000001,North East,E12000001,Durham,840,E06000047,Primary,Lumley Infant and Nursery School,8402108,114003,22750.65,22750.65,0,0,2.6
201819,Financial year,School,England,E92000001,North East,E12000001,Durham,840,E06000047,Primary,West Pelton Primary School,8402114,114004,48420.12,48420.12,0,0,10.1
201819,Financial year,School,England,E92000001,North East,E12000001,Durham,840,E06000047,Primary,Nettlesworth Primary School,8402116,114005,34079.47,23381.48,0,10697.99,6
201819,Financial year,School,England,E92000001,North East,E12000001,Durham,840,E06000047,Primary,Red Rose Primary School,8402125,114008,140441.3,140441.3,0,0,11
201819,Financial year,School,England,E92000001,North East,E12000001,Durham,840,E06000047,Primary,Woodlea Primary School,8402126,114009,140910,140910,0,0,13
201819,Financial year,School,England,E92000001,North East,E12000001,Durham,840,E06000047,Primary,Cestria Primary School,8402133,114012,218766.5,218766.5,0,0,11.7
201819,Financial year,School,England,E92000001,North East,E12000001,Durham,840,E06000047,Primary,Bournmoor Primary School,8402146,114018,70022.76,70022.76,0,0,10.3
201819,Financial year,School,England,E92000001,North East,E12000001,Durham,840,E06000047,Primary,Cotherstone Primary School,8402185,114020,26261.08,26261.08,0,0,6.3
201819,Financial year,School,England,E92000001,North East,E12000001,Durham,840,E06000047,Primary,Beamish Primary School,8402205,114021,102984.1,102457.1,0,527,17
201819,Financial year,School,England,E92000001,North East,E12000001,Durham,840,E06000047,Primary,Collierley Primary School,8402208,114022,127096.4,127096.4,0,0,13.2
201819,Financial year,School,England,E92000001,North East,E12000001,Durham,840,E06000047,Primary,Catchgate Primary School,8402210,114023,241618.6,638802.1,0,-397183.5,14.4
201819,Financial year,School,England,E92000001,North East,E12000001,Durham,840,E06000047,Primary,Annfield Plain Junior School,8402212,114024,19300.71,19300.71,0,0,2.5
201819,Financial year,School,England,E92000001,North East,E12000001,Durham,840,E06000047,Primary,Annfield Plain Infant School,8402213,114025,127203.3,127203.3,0,0,17.7
201819,Financial year,School,England,E92000001,North East,E12000001,Durham,840,E06000047,Primary,East Stanley School,8402217,114026,92178.5,92014.96,0,163.54,7.9
201819,Financial year,School,England,E92000001,North East,E12000001,Durham,840,E06000047,Primary,Stanley Burnside Primary School,8402232,114033,198336.8,198336.8,0,0,16
201819,Financial year,School,England,E92000001,North East,E12000001,Durham,840,E06000047,Primary,Bloemfontein Primary School,8402233,114034,-42152.45,0,-42152.45,0,-21.9
201819,Financial year,School,England,E92000001,North East,E12000001,Durham,840,E06000047,Primary,Burnopfield Primary School,8402234,114035,67146.63,67146.63,0,0,3.9
201819,Financial year,School,England,E92000001,North East,E12000001,Durham,840,E06000047,Primary,Shotley Bridge Primary School,8402257,114038,226468.7,223097.2,0,3371.5,13.4
201819,Financial year,School,England,E92000001,North East,E12000001,Durham,840,E06000047,Primary,Leadgate Primary School - Split Site,8402259,114039,48058.09,47992.09,0,66,4.3
201819,Financial year,School,England,E92000001,North East,E12000001,Durham,840,E06000047,Primary,Burnhope Primary School,8402261,114041,21590.21,19120.21,0,2470,3.5
201819,Financial year,School,England,E92000001,North East,E12000001,Durham,840,E06000047,Primary,Castleside Primary School,8402266,114043,66261.18,66261.18,0,0,9.2
201819,Financial year,School,England,E92000001,North East,E12000001,Durham,840,E06000047,Primary,The Grove Primary School,8402269,114046,41875.84,63093.48,0,-21217.64,4.2
201819,Financial year,School,England,E92000001,North East,E12000001,Durham,840,E06000047,Primary,Delves Lane Primary School,8402272,114047,112141.6,112141.6,0,0,6.7
201819,Financial year,School,England,E92000001,North East,E12000001,Durham,840,E06000047,Primary,Moorside Primary School,8402276,114050,121120.5,120649.5,0,471,13.5
201819,Financial year,School,England,E92000001,North East,E12000001,Durham,840,E06000047,Primary,Consett Junior School,8402277,114051,83214,83069.74,0,144.26,8.4
201819,Financial year,School,England,E92000001,North East,E12000001,Durham,840,E06000047,Primary,Consett Infant School,8402278,114052,65355.83,65450.83,0,-95,7
201819,Financial year,School,England,E92000001,North East,E12000001,Durham,840,E06000047,Primary,Hamsterley Primary School,8402301,114053,18104.06,18104.06,0,0,5.2
201819,Financial year,School,England,E92000001,North East,E12000001,Durham,840,E06000047,Primary,Hunwick Primary School,8402302,114054,-59294.5,0,-59294.5,0,-6.9
201819,Financial year,School,England,E92000001,North East,E12000001,Durham,840,E06000047,Primary,Tow Law Millennium Primary School,8402307,114055,13496.85,2256.32,0,11240.53,2.1
201819,Financial year,School,England,E92000001,North East,E12000001,Durham,840,E06000047,Primary,Crook Primary School,8402308,114056,-8497.26,0,-8497.26,0,-0.4
201819,Financial year,School,England,E92000001,North East,E12000001,Durham,840,E06000047,Primary,Peases West Primary School,8402311,114058,31485.49,31485.49,0,0,4.3
201819,Financial year,School,England,E92000001,North East,E12000001,Durham,840,E06000047,Primary,Stanley (Crook) Primary School,8402313,114059,106956.2,106956.2,0,0,13.4
201819,Financial year,School,England,E92000001,North East,E12000001,Durham,840,E06000047,Primary,Sunnybrow Primary School,8402316,114060,199186.5,199186.5,0,0,33.9
201819,Financial year,School,England,E92000001,North East,E12000001,Durham,840,E06000047,Primary,Howden-le-Wear Primary School,8402318,114061,15729.68,15303.69,0,425.99,2.1
201819,Financial year,School,England,E92000001,North East,E12000001,Durham,840,E06000047,Primary,Frosterley Primary School,8402319,114062,90485.95,76575.89,0,13910.06,21.1
201819,Financial year,School,England,E92000001,North East,E12000001,Durham,840,E06000047,Primary,Rookhope Primary School,8402321,114063,87849.56,87849.56,0,0,35.2
201819,Financial year,School,England,E92000001,North East,E12000001,Durham,840,E06000047,Primary,St John's Chapel Primary School,8402322,114064,42049.79,42049.79,0,0,15.6
201819,Financial year,School,England,E92000001,North East,E12000001,Durham,840,E06000047,Primary,Wearhead Primary School,8402324,114065,95134.87,95134.87,0,0,32.4
201819,Financial year,School,England,E92000001,North East,E12000001,Durham,840,E06000047,Primary,Willington Primary School,8402326,114066,205670.7,205670.7,0,0,15.2
201819,Financial year,School,England,E92000001,North East,E12000001,Durham,840,E06000047,Primary,Witton-le-Wear Primary School,8402328,114067,-11934.42,0,-11934.42,0,-2.2
201819,Financial year,School,England,E92000001,North East,E12000001,Durham,840,E06000047,Primary,Wolsingham Primary School,8402329,114068,168412.4,163060.2,0,5352.23,17
201819,Financial year,School,England,E92000001,North East,E12000001,Durham,840,E06000047,Primary,Oakley Cross Primary School and Nursery,8402330,114069,106052.7,106052.7,0,0,11.5
201819,Financial year,School,England,E92000001,North East,E12000001,Durham,840,E06000047,Primary,Byers Green Primary School,8402351,114070,161791.1,161791.1,0,0,27.9
201819,Financial year,School,England,E92000001,North East,E12000001,Durham,840,E06000047,Primary,Bluebell Meadow Primary School,8402357,114071,42478.31,42478.31,0,0,2.3
201819,Financial year,School,England,E92000001,North East,E12000001,Durham,840,E06000047,Primary,Kirk Merrington Primary School,8402361,114074,59364.15,59364.15,0,0,8.5
201819,Financial year,School,England,E92000001,North East,E12000001,Durham,840,E06000047,Primary,Cassop Primary School,8402362,114075,92035.67,85620.8,0,6414.87,11.8
201819,Financial year,School,England,E92000001,North East,E12000001,Durham,840,E06000047,Primary,Ferryhill Station Primary School,8402368,114078,32102.41,32102.41,0,0,5.4
201819,Financial year,School,England,E92000001,North East,E12000001,Durham,840,E06000047,Primary,West Cornforth Primary School,8402370,114079,363771.9,365371.3,0,-1599.45,29.5
201819,Financial year,School,England,E92000001,North East,E12000001,Durham,840,E06000047,Primary,Coxhoe Primary School,8402372,114080,55629.49,55629.49,0,0,4
201819,Financial year,School,England,E92000001,North East,E12000001,Durham,840,E06000047,Primary,Kelloe Primary School,8402374,114081,16574.99,16574.99,0,0,2.3
201819,Financial year,School,England,E92000001,North East,E12000001,Durham,840,E06000047,Primary,Dean Bank Primary and Nursery School,8402385,114086,153158,154258,0,-1100,13.5
201819,Financial year,School,England,E92000001,North East,E12000001,Durham,840,E06000047,Primary,Bowburn Primary School,8402388,114087,278517.3,278517.3,0,0,27.7
201819,Financial year,School,England,E92000001,North East,E12000001,Durham,840,E06000047,Primary,Bowburn Infant School,8402389,114088,119228.5,119228.5,0,0,11.5
201819,Financial year,School,England,E92000001,North East,E12000001,Durham,840,E06000047,Primary,Ox Close Primary School,8402394,114091,-13836.37,0,-13836.37,0,-1
201819,Financial year,School,England,E92000001,North East,E12000001,Durham,840,E06000047,Primary,Fishburn Primary School,8402399,114095,56006.53,55156.53,0,850,5.8
201819,Financial year,School,England,E92000001,North East,E12000001,Durham,840,E06000047,Primary,Broom Cottages Primary & Nursery School,8402400,114096,40718.89,40718.89,0,0,2.4
201819,Financial year,School,England,E92000001,North East,E12000001,Durham,840,E06000047,Primary,Etherley Lane Primary School,8402401,114097,56396.91,56289.83,0,107.08,3.8
201819,Financial year,School,England,E92000001,North East,E12000001,Durham,840,E06000047,Primary,Ramshaw Primary School,8402409,114099,31382.06,31382.06,0,0,6.8
201819,Financial year,School,England,E92000001,North East,E12000001,Durham,840,E06000047,Primary,Forest of Teesdale Primary School,8402410,114100,78308.05,78308.05,0,0,36.2
201819,Financial year,School,England,E92000001,North East,E12000001,Durham,840,E06000047,Primary,Aycliffe Village Primary School,8402411,114101,34620.75,30620.75,0,4000,4.2
201819,Financial year,School,England,E92000001,North East,E12000001,Durham,840,E06000047,Primary,Butterknowle Primary School,8402413,114102,84552.79,87546.15,0,-2993.36,20.8
201819,Financial year,School,England,E92000001,North East,E12000001,Durham,840,E06000047,Primary,Escomb Primary School,8402417,114103,90811.53,90811.53,0,0,8.5
201819,Financial year,School,England,E92000001,North East,E12000001,Durham,840,E06000047,Primary,St Helen Auckland Community Primary School,8402419,114104,-42096.97,0,-42096.97,0,-3.8
201819,Financial year,School,England,E92000001,North East,E12000001,Durham,840,E06000047,Primary,Thornhill Primary School,8402423,114106,129606.5,123126.3,0,6480.17,10.9
201819,Financial year,School,England,E92000001,North East,E12000001,Durham,840,E06000047,Primary,Toft Hill Primary School,8402426,114107,87751.11,58041.26,0,29709.85,9
201819,Financial year,School,England,E92000001,North East,E12000001,Durham,840,E06000047,Primary,Woodland Primary School,8402428,114108,100663.4,100663.4,0,0,27.9
201819,Financial year,School,England,E92000001,North East,E12000001,Durham,840,E06000047,Primary,Middleton-in-Teesdale Nursery and Primary School,8402430,114109,66632.75,66559.81,0,72.94,8.6
201819,Financial year,School,England,E92000001,North East,E12000001,Durham,840,E06000047,Primary,Cockton Hill Junior School,8402433,114110,233958.4,233958.4,0,0,20.8
201819,Financial year,School,England,E92000001,North East,E12000001,Durham,840,E06000047,Primary,Cockton Hill Infant School,8402434,114111,230153.8,228653.8,0,1500,22.8
201819,Financial year,School,England,E92000001,North East,E12000001,Durham,840,E06000047,Primary,Timothy Hackworth Primary School,8402438,114113,192844,190670,0,2174,8
201819,Financial year,School,England,E92000001,North East,E12000001,Durham,840,E06000047,Primary,Cockfield Primary School,8402440,114114,62996.05,0,-62698.38,125694.4,8.3
201819,Financial year,School,England,E92000001,North East,E12000001,Durham,840,E06000047,Primary,Montalbo Nursery & Primary School,8402442,114115,32330.89,32330.89,0,0,3.8
201819,Financial year,School,England,E92000001,North East,E12000001,Durham,840,E06000047,Primary,New Brancepeth Primary School,8402453,114119,-20485.93,0,-20485.93,0,-3
201819,Financial year,School,England,E92000001,North East,E12000001,Durham,840,E06000047,Primary,Langley Moor Primary School,8402455,114120,90696.21,90646.21,0,50,9.5
201819,Financial year,School,England,E92000001,North East,E12000001,Durham,840,E06000047,Primary,Witton Gilbert Primary School,8402462,114122,21976.07,18877.07,0,3099,2
201819,Financial year,School,England,E92000001,North East,E12000001,Durham,840,E06000047,Primary,Pittington Primary School,8402470,114125,45837.36,42558.21,0,3279.15,4.4
201819,Financial year,School,England,E92000001,North East,E12000001,Durham,840,E06000047,Primary,Ludworth Primary School,8402472,114126,98644.88,93232.31,0,5412.57,15.4
201819,Financial year,School,England,E92000001,North East,E12000001,Durham,840,E06000047,Primary,Sherburn Primary School,8402473,114127,158437.7,158437.7,0,0,16.7
201819,Financial year,School,England,E92000001,North East,E12000001,Durham,840,E06000047,Primary,West Rainton Primary School,8402475,114128,137625,137141.5,0,483.5,15.2
201819,Financial year,School,England,E92000001,North East,E12000001,Durham,840,E06000047,Primary,Bearpark Primary School,8402477,114129,73648.34,73648.34,0,0,9.7
201819,Financial year,School,England,E92000001,North East,E12000001,Durham,840,E06000047,Primary,Neville's Cross Primary School,8402481,114130,109782.4,108549.8,0,1232.6,7.7
201819,Financial year,School,England,E92000001,North East,E12000001,Durham,840,E06000047,Primary,Durham Newton Hall Infants' School,8402488,114134,22509.59,22509.59,0,0,2.9
201819,Financial year,School,England,E92000001,North East,E12000001,Durham,840,E06000047,Primary,Esh Winning Primary School,8402497,114138,47374.5,0,-20775.41,68149.91,3.4
201819,Financial year,School,England,E92000001,North East,E12000001,Durham,840,E06000047,Primary,Belmont Cheveley Park Primary School,8402498,114139,69314.55,65812.91,0,3501.64,5.8
201819,Financial year,School,England,E92000001,North East,E12000001,Durham,840,E06000047,Primary,Laurel Avenue Community Primary School,8402499,114140,86085.9,82315.9,0,3770,11.7
201819,Financial year,School,England,E92000001,North East,E12000001,Durham,840,E06000047,Primary,Hesleden Primary School,8402509,114143,73915.44,60838.04,0,13077.4,11.2
201819,Financial year,School,England,E92000001,North East,E12000001,Durham,840,E06000047,Primary,Deaf Hill Primary School,8402516,114144,62985.38,65668.38,0,-2683,6.5
201819,Financial year,School,England,E92000001,North East,E12000001,Durham,840,E06000047,Primary,Thornley Primary School,8402523,114146,103063,103063,0,0,9.3
201819,Financial year,School,England,E92000001,North East,E12000001,Durham,840,E06000047,Primary,Wheatley Hill Community Primary School,8402526,114147,54397.62,17843.77,0,36553.85,3.5
201819,Financial year,School,England,E92000001,North East,E12000001,Durham,840,E06000047,Primary,Wingate Junior School,8402528,114148,429318.7,429318.7,0,0,43.2
201819,Financial year,School,England,E92000001,North East,E12000001,Durham,840,E06000047,Primary,Wingate Primary School,8402531,114149,-360630.4,0,-360630.4,0,-31.6
201819,Financial year,School,England,E92000001,North East,E12000001,Durham,840,E06000047,Primary,Cotsford Primary School,8402532,114150,52066.73,52066.73,0,0,6.8
201819,Financial year,School,England,E92000001,North East,E12000001,Durham,840,E06000047,Primary,Cotsford Infant School,8402534,114151,71506.07,71468.52,0,37.55,12.8
201819,Financial year,School,England,E92000001,North East,E12000001,Durham,840,E06000047,Primary,Shotton Primary School,8402536,114152,231716.3,214227.2,0,17489.03,12.2
201819,Financial year,School,England,E92000001,North East,E12000001,Durham,840,E06000047,Primary,Acre Rigg Infant School,8402540,114154,80622.93,80622.93,0,0,5.8
201819,Financial year,School,England,E92000001,North East,E12000001,Durham,840,E06000047,Primary,Sedgefield Primary School,8402563,114159,43400.84,42134.49,0,1266.35,4.4
201819,Financial year,School,England,E92000001,North East,E12000001,Durham,840,E06000047,Primary,Sedgefield Hardwick Primary School,8402593,114161,144005.4,139171.9,0,4833.5,12
201819,Financial year,School,England,E92000001,North East,E12000001,Durham,840,E06000047,Primary,Copeland Road Primary School,8402704,114187,76439.82,72748.86,0,3690.96,9.2
201819,Financial year,School,England,E92000001,North East,E12000001,Durham,840,E06000047,Primary,St Andrew's Primary School,8402705,114188,25523.93,25110.36,0,413.57,3.3
201819,Financial year,School,England,E92000001,North East,E12000001,Durham,840,E06000047,Primary,Byerley Park Primary School,8402706,114189,133334.6,133334.6,0,0,13.3
201819,Financial year,School,England,E92000001,North East,E12000001,Durham,840,E06000047,Primary,Horndale Infants' School,8402708,114190,1247.4,1247.4,0,0,0.2
201819,Financial year,School,England,E92000001,North East,E12000001,Durham,840,E06000047,Primary,Langley Park Primary School,8402729,114193,53157.87,51440.44,0,1717.43,4.8
201819,Financial year,School,England,E92000001,North East,E12000001,Durham,840,E06000047,Primary,Yohden Primary School,8402733,114197,121015.3,121015.3,0,0,12.1
201819,Financial year,School,England,E92000001,North East,E12000001,Durham,840,E06000047,Primary,Howletch Lane Primary School,8402734,114198,103853.2,57190.19,0,46663,4.7
201819,Financial year,School,England,E92000001,North East,E12000001,Durham,840,E06000047,Primary,Blackhall Primary School,8402737,114201,66612.94,66612.94,0,0,4.4
201819,Financial year,School,England,E92000001,North East,E12000001,Durham,840,E06000047,Primary,Vane Road Primary School,8402742,114206,182042.8,182042.8,0,0,9.9
201819,Financial year,School,England,E92000001,North East,E12000001,Durham,840,E06000047,Primary,Sugar Hill Primary School,8402743,114207,143755.4,143755.4,0,0,7.1
201819,Financial year,School,England,E92000001,North East,E12000001,Durham,840,E06000047,Primary,Roseberry Primary and Nursery School,8402744,114208,171527,173157,0,-1630,14.7
201819,Financial year,School,England,E92000001,North East,E12000001,Durham,840,E06000047,Primary,Bullion Lane Primary School,8402745,114209,175870.9,175870.9,0,0,9.8
201819,Financial year,School,England,E92000001,North East,E12000001,Durham,840,E06000047,Primary,Easington Colliery Primary School,8402746,114210,259294.6,241100.9,0,18193.69,8.9
201819,Financial year,School,England,E92000001,North East,E12000001,Durham,840,E06000047,Primary,Durham Gilesgate Primary School,8402747,114211,89379.72,89379.72,0,0,7.1
201819,Financial year,School,England,E92000001,North East,E12000001,Durham,840,E06000047,Primary,Finchale Primary School,8402748,130312,148737.2,148737.2,0,0,15.6
201819,Financial year,School,England,E92000001,North East,E12000001,Durham,840,E06000047,Primary,Benfieldside Primary School,8402749,114045,152280.5,152280.5,0,0,10.8
201819,Financial year,School,England,E92000001,North East,E12000001,Durham,840,E06000047,Primary,King Street Primary School,8402750,130946,196679.6,202100.7,0,-5421.14,16
201819,Financial year,School,England,E92000001,North East,E12000001,Durham,840,E06000047,Primary,Framwellgate Moor Primary School,8402751,130940,201697.5,201681.7,0,15.84,12.8
201819,Financial year,School,England,E92000001,North East,E12000001,Durham,840,E06000047,Primary,Newker Primary School,8402943,131233,200026.3,200026.3,0,0,10.2
201819,Financial year,School,England,E92000001,North East,E12000001,Durham,840,E06000047,Primary,Chester-Le-Street CofE (Controlled) Primary School,8403031,114213,139547.8,139547.8,0,0,8.6
201819,Financial year,School,England,E92000001,North East,E12000001,Durham,840,E06000047,Primary,Ebchester CofE Primary School,8403063,114214,54549.71,50304.71,0,4245,10.7
201819,Financial year,School,England,E92000001,North East,E12000001,Durham,840,E06000047,Primary,St Stephen's Church of England Primary School,8403085,114216,-11454.39,0,-9794.39,-1660,-1
201819,Financial year,School,England,E92000001,North East,E12000001,Durham,840,E06000047,Primary,Stanhope Barrington CofE Primary School,8403087,114217,-15269.92,0,-21455.31,6185.39,-2
201819,Financial year,School,England,E92000001,North East,E12000001,Durham,840,E06000047,Primary,Green Lane Church of England Controlled Primary School,8403121,114219,3558.39,3220.49,0,337.9,0.3
201819,Financial year,School,England,E92000001,North East,E12000001,Durham,840,E06000047,Primary,St Anne's CofE Primary School,8403123,114220,-57744.52,0,-57124.52,-620,-5.1
201819,Financial year,School,England,E92000001,North East,E12000001,Durham,840,E06000047,Primary,Evenwood CofE Primary School,8403130,114221,63746.65,63746.65,0,0,9.6
201819,Financial year,School,England,E92000001,North East,E12000001,Durham,840,E06000047,Primary,Gainford CofE Primary School,8403131,114222,45075.28,45075.28,0,0,8
201819,Financial year,School,England,E92000001,North East,E12000001,Durham,840,E06000047,Primary,Ingleton CofE Primary School,8403134,114225,18697.37,0,-59283.74,77981.11,4
201819,Financial year,School,England,E92000001,North East,E12000001,Durham,840,E06000047,Primary,Staindrop CofE (Controlled) Primary School,8403141,114226,89663.44,77443.26,0,12220.18,9.2
201819,Financial year,School,England,E92000001,North East,E12000001,Durham,840,E06000047,Primary,Belmont CofE (Controlled) Primary School,8403161,114227,150854.5,111561.1,0,39293.34,10.3
201819,Financial year,School,England,E92000001,North East,E12000001,Durham,840,E06000047,Primary,St Oswald's Church of England Aided Primary and Nursery School,8403165,114228,198527.1,198547.1,0,-20,24.5
201819,Financial year,School,England,E92000001,North East,E12000001,Durham,840,E06000047,Primary,Shincliffe CofE (Controlled) Primary School,8403167,114229,58683.27,58683.27,0,0,6.3
201819,Financial year,School,England,E92000001,North East,E12000001,Durham,840,E06000047,Primary,St Margaret's Church of England Primary School,8403168,114230,170420.3,170420.3,0,0,8.8
201819,Financial year,School,England,E92000001,North East,E12000001,Durham,840,E06000047,Primary,Easington CofE Primary School,8403182,114231,25691.72,28015.72,0,-2324,4.1
201819,Financial year,School,England,E92000001,North East,E12000001,Durham,840,E06000047,Primary,Hutton Henry CofE (Controlled) Primary School,8403183,114232,71624.97,71624.97,0,0,15.2
201819,Financial year,School,England,E92000001,North East,E12000001,Durham,840,E06000047,Primary,Lanchester Endowed Parochial Primary School,8403213,131168,40882.57,40882.57,0,0,2.2
201819,Financial year,School,England,E92000001,North East,E12000001,Durham,840,E06000047,Primary,St Cuthbert's Roman Catholic Voluntary Aided Primary School New Seaham,8403300,114235,76926.88,76926.88,0,0,7.8
201819,Financial year,School,England,E92000001,North East,E12000001,Durham,840,E06000047,Primary,St Mary Magdalen's Roman Catholic Voluntary Aided Primary School Seaham,8403301,114236,151868.1,151868.1,0,0,11.7
201819,Financial year,School,England,E92000001,North East,E12000001,Durham,840,E06000047,Primary,Bowes Hutchinson's CofE (Aided) School,8403303,114237,55597.82,51720.75,0,3877.07,14.9
201819,Financial year,School,England,E92000001,North East,E12000001,Durham,840,E06000047,Primary,St Cuthbert's Roman Catholic Voluntary Aided Primary School,8403343,114242,38797.78,38671.28,0,126.5,4
201819,Financial year,School,England,E92000001,North East,E12000001,Durham,840,E06000047,Primary,St Bede's Roman Catholic Voluntary Aided Primary School Sacriston,8403344,114243,56254.35,55880.85,0,373.5,9.4
201819,Financial year,School,England,E92000001,North East,E12000001,Durham,840,E06000047,Primary,St Benet's Roman Catholic Voluntary Aided Primary School,8403346,114244,22738.75,22738.75,0,0,2.1
201819,Financial year,School,England,E92000001,North East,E12000001,Durham,840,E06000047,Primary,St Joseph's Roman Catholic Voluntary Aided Primary School Stanley,8403381,114245,199074.3,197874.3,0,1200,18.8
201819,Financial year,School,England,E92000001,North East,E12000001,Durham,840,E06000047,Primary,St Patrick's Roman Catholic Voluntary Aided Primary School Dipton,8403382,114246,166451,166451,0,0,18.5
201819,Financial year,School,England,E92000001,North East,E12000001,Durham,840,E06000047,Primary,St Mary's Roman Catholic Voluntary Aided Primary School South Moor,8403384,114247,133483.5,133483.5,0,0,15.6
201819,Financial year,School,England,E92000001,North East,E12000001,Durham,840,E06000047,Primary,St Mary's Roman Catholic Voluntary Aided Primary School Blackhill,8403401,114248,68514.8,68514.8,0,0,6.9
201819,Financial year,School,England,E92000001,North East,E12000001,Durham,840,E06000047,Primary,St Pius X Roman Catholic Voluntary Aided Primary School,8403403,114249,99192.39,106758.4,0,-7566,13.8
201819,Financial year,School,England,E92000001,North East,E12000001,Durham,840,E06000047,Primary,St Patrick's Roman Catholic Voluntary Aided Primary School Consett,8403404,114250,123768.5,123768.5,0,0,6.9
201819,Financial year,School,England,E92000001,North East,E12000001,Durham,840,E06000047,Primary,Esh CofE (Aided) Primary School,8403406,114251,-4073.31,0,-4073.31,0,-0.7
201819,Financial year,School,England,E92000001,North East,E12000001,Durham,840,E06000047,Primary,St Michael's Roman Catholic Voluntary Aided Primary School Esh Laude,8403407,114252,103268.2,60923.85,0,42344.36,11.3
201819,Financial year,School,England,E92000001,North East,E12000001,Durham,840,E06000047,Primary,Our Lady and St Joseph's Roman Catholic Voluntary Aided Primary School Brooms,8403409,114253,98407.27,98407.27,0,0,14.3
201819,Financial year,School,England,E92000001,North East,E12000001,Durham,840,E06000047,Primary,Bishop Ian Ramsey CofE Primary School,8403411,114254,51775.43,51775.43,0,0,5.1
201819,Financial year,School,England,E92000001,North East,E12000001,Durham,840,E06000047,Primary,All Saints' Catholic Voluntary Aided Primary School,8403413,114255,148358.8,148358.8,0,0,17.2
201819,Financial year,School,England,E92000001,North East,E12000001,Durham,840,E06000047,Primary,St Cuthberts Roman Catholic Voluntary Aided Primary School,8403421,114256,84412.75,84382,0,30.75,7
201819,Financial year,School,England,E92000001,North East,E12000001,Durham,840,E06000047,Primary,Our Lady and St Thomas Roman Catholic Voluntary Aided Primary,8403425,114257,-9272.25,0,-9272.25,0,-1.4
201819,Financial year,School,England,E92000001,North East,E12000001,Durham,840,E06000047,Primary,St. Michael's C of E Primary School,8403441,114258,373679,373679,0,0,36.3
201819,Financial year,School,England,E92000001,North East,E12000001,Durham,840,E06000047,Primary,St William's Roman Catholic Voluntary Aided Primary School,8403442,114259,70268.97,70268.97,0,0,10
201819,Financial year,School,England,E92000001,North East,E12000001,Durham,840,E06000047,Primary,St Charles' Roman Catholic Voluntary Aided Primary School,8403444,114260,93519.66,93519.66,0,0,9.4
201819,Financial year,School,England,E92000001,North East,E12000001,Durham,840,E06000047,Primary,St Mary's Roman Catholic Voluntary Aided Primary School Barnard Castle,8403461,114261,37936.83,37889.33,0,47.5,6.9
201819,Financial year,School,England,E92000001,North East,E12000001,Durham,840,E06000047,Primary,St Wilfrid's Roman Catholic Voluntary Aided Primary School,8403462,114262,121901.2,116306.9,0,5594.25,9.6
201819,Financial year,School,England,E92000001,North East,E12000001,Durham,840,E06000047,Primary,St Chad's Roman Catholic Voluntary Aided Primary School,8403465,114263,47433.01,47433.01,0,0,9.1
201819,Financial year,School,England,E92000001,North East,E12000001,Durham,840,E06000047,Primary,St Joseph's Roman Catholic Voluntary Aided Primary School Coundon,8403469,114264,27761.11,27761.11,0,0,4
201819,Financial year,School,England,E92000001,North East,E12000001,Durham,840,E06000047,Primary,St Mary's Roman Catholic Voluntary Aided Primary School Newton Aycliffe,8403470,114265,183419.8,183419.8,0,0,17.7
201819,Financial year,School,England,E92000001,North East,E12000001,Durham,840,E06000047,Primary,St. Francis CE (Aided) Junior School,8403472,114267,191348.5,191348.5,0,0,24
201819,Financial year,School,England,E92000001,North East,E12000001,Durham,840,E06000047,Primary,St Patrick's Roman Catholic Voluntary Aided Primary School,8403481,114268,50674.6,49571.4,0,1103.2,9.6
201819,Financial year,School,England,E92000001,North East,E12000001,Durham,840,E06000047,Primary,Our Lady Queen of Martyrs Roman Catholic Voluntary Aided Primary School Newhouse,8403483,114269,18648.34,18648.34,0,0,3.3
201819,Financial year,School,England,E92000001,North East,E12000001,Durham,840,E06000047,Primary,St Hild's College Church of England Aided Primary School Durham,8403485,114270,170401,170401,0,0,15.4
201819,Financial year,School,England,E92000001,North East,E12000001,Durham,840,E06000047,Primary,St Godric's Roman Catholic Voluntary Aided Primary School Durham,8403486,114271,96346.35,96346.35,0,0,9.9
201819,Financial year,School,England,E92000001,North East,E12000001,Durham,840,E06000047,Primary,St Joseph's Roman Catholic Voluntary Aided Primary School Ushaw Moor,8403488,114272,78297.16,78297.16,0,0,13
201819,Financial year,School,England,E92000001,North East,E12000001,Durham,840,E06000047,Primary,St Joseph's Roman Catholic Voluntary Aided Primary School Durham,8403489,114273,17971.04,17971.04,0,0,2.3
201819,Financial year,School,England,E92000001,North East,E12000001,Durham,840,E06000047,Primary,Blue Coat CofE (Aided) Junior School,8403491,114274,218588.9,218983.9,0,-395,18.3
201819,Financial year,School,England,E92000001,North East,E12000001,Durham,840,E06000047,Primary,St Thomas More Roman Catholic Voluntary Aided Primary,8403492,114275,-1908.84,0,-1908.84,0,-0.4
201819,Financial year,School,England,E92000001,North East,E12000001,Durham,840,E06000047,Primary,St Joseph's Catholic Primary School Murton,8403501,114276,117560.6,117560.6,0,0,15.6
201819,Financial year,School,England,E92000001,North East,E12000001,Durham,840,E06000047,Primary,St Godric's Roman Catholic Voluntary Aided Primary School Thornley,8403502,114277,66331.08,66331.08,0,0,9.4
201819,Financial year,School,England,E92000001,North East,E12000001,Durham,840,E06000047,Primary,Our Lady of Lourdes Roman Catholic Voluntary Aided Primary,8403504,114278,31951.49,31951.49,0,0,3.5
201819,Financial year,School,England,E92000001,North East,E12000001,Durham,840,E06000047,Primary,St Mary's Roman Catholic Voluntary Aided Primary School Wingate,8403505,114279,18018.29,17338.29,0,680,4.1
201819,Financial year,School,England,E92000001,North East,E12000001,Durham,840,E06000047,Primary,St Joseph's Roman Catholic Voluntary Aided Primary School Blackhall,8403506,114280,-34051.07,0,-34051.07,0,-5.7
201819,Financial year,School,England,E92000001,North East,E12000001,Durham,840,E06000047,Primary,Our Lady Star of the Sea Roman Catholic Voluntary Aided Primary,8403507,114281,189180.8,189180.8,0,0,26.7
201819,Financial year,School,England,E92000001,North East,E12000001,Durham,840,E06000047,Primary,Our Lady of the Rosary Roman Catholic Voluntary Aided Primary,8403510,114282,29210.88,29210.88,0,0,1.9
201819,Financial year,School,England,E92000001,North East,E12000001,Durham,840,E06000047,Primary,Blessed John Duckett Roman Catholic Voluntary Aided Primary,8403511,114283,107409.4,107409.4,0,0,20.1
201819,Financial year,School,England,E92000001,North East,E12000001,Durham,840,E06000047,Primary,St John's Church of England Aided Primary School Shildon,8403513,114285,111317.2,111317.2,0,0,8
201819,Financial year,School,England,E92000001,North East,E12000001,Durham,840,E06000047,Primary,Prince Bishops Community Primary School,8403516,134855,81795.92,81795.92,0,0,5.9
201819,Financial year,School,England,E92000001,North East,E12000001,Durham,840,E06000047,Primary,Woodham Burn Community Primary School,8403518,109302,-24818.68,0,-25008.68,190,-1.7
201819,Financial year,School,England,E92000001,North East,E12000001,Durham,840,E06000047,Primary,Silver Tree Primary School and Nursery,8403519,123350,42856,42856,0,0,4.2
201819,Financial year,School,England,E92000001,North East,E12000001,Durham,840,E06000047,Primary,Seaview Primary School,8403520,129823,196936.9,196909.9,0,27,10.3
201819,Financial year,School,England,E92000001,North East,E12000001,Durham,840,E06000047,Primary,Tanfield Lea Community Primary School,8403522,131545,337004.2,336506.2,0,498,20.9
201819,Financial year,School,England,E92000001,North East,E12000001,Durham,840,E06000047,Primary,Woodhouse Community Primary School,8403523,131919,92740.95,92740.95,0,0,6.5
201819,Financial year,School,England,E92000001,North East,E12000001,Durham,840,E06000047,Primary,Seaham Trinity Primary School,8403524,134657,249670.6,249670.6,0,0,11.5
201819,Financial year,School,England,E92000001,North East,E12000001,Durham,840,E06000047,Primary,Brandon Primary School,8403525,135207,97948.14,87813.14,0,10135,5.5
201819,Financial year,School,England,E92000001,North East,E12000001,Durham,840,E06000047,Primary,Shotton Hall Primary School,8403527,135838,213331.1,213137.6,0,193.5,11.3
201819,Financial year,School,England,E92000001,North East,E12000001,Durham,840,E06000047,Secondary,Seaham High School,8404019,114286,206525.5,206525.5,0,0,3.4
201819,Financial year,School,England,E92000001,North East,E12000001,Durham,840,E06000047,Secondary,Tanfield School Specialist College of Science and Engineering,8404099,114293,-512528.5,0,-512528.5,0,-12.7
201819,Financial year,School,England,E92000001,North East,E12000001,Durham,840,E06000047,Secondary,Wolsingham School,8404139,114297,-1559160,0,-1600999,41839.66,-41.9
201819,Financial year,School,England,E92000001,North East,E12000001,Durham,840,E06000047,Secondary,Ferryhill Business Enterprise College,8404150,114299,282279.8,282279.8,0,0,74.1
201819,Financial year,School,England,E92000001,North East,E12000001,Durham,840,E06000047,Secondary,Whitworth Park School and Sixth Form College,8404154,114300,494062.7,493995.4,0,67.32,24.3
201819,Financial year,School,England,E92000001,North East,E12000001,Durham,840,E06000047,Secondary,Bishop Barrington School A Sports with Mathematics College,8404162,114301,-52141.63,0,-52141.63,0,-1
201819,Financial year,School,England,E92000001,North East,E12000001,Durham,840,E06000047,Secondary,Greenfield Community College A Specialist Arts and Science School,8404176,114305,255967.2,253760.7,0,2206.52,4.1
201819,Financial year,School,England,E92000001,North East,E12000001,Durham,840,E06000047,Secondary,Belmont Community School,8404185,114308,271567,276561.9,0,-4994.93,5.8
201819,Financial year,School,England,E92000001,North East,E12000001,Durham,840,E06000047,Secondary,Durham Sixth Form Centre,8404191,114310,960792.3,988919.3,0,-28126.96,16.4
201819,Financial year,School,England,E92000001,North East,E12000001,Durham,840,E06000047,Secondary,Durham Community Business College for Technology and Enterprise,8404192,114311,-112452.5,0,-99624.97,-12827.51,-2.4
201819,Financial year,School,England,E92000001,North East,E12000001,Durham,840,E06000047,Secondary,Durham Johnston Comprehensive School,8404200,114312,265270.3,261077.3,0,4193,2.9
201819,Financial year,School,England,E92000001,North East,E12000001,Durham,840,E06000047,Secondary,Dene Community School,8404214,114313,132861.5,133559.2,0,-697.7,2.9
201819,Financial year,School,England,E92000001,North East,E12000001,Durham,840,E06000047,Secondary,Wellfield School,8404218,114315,-3365433,0,-3307165,-58268.59,-74.5
201819,Financial year,School,England,E92000001,North East,E12000001,Durham,840,E06000047,Secondary,Sedgefield Community College,8404231,114317,344763.6,338663.3,0,6100.33,5.5
201819,Financial year,School,England,E92000001,North East,E12000001,Durham,840,E06000047,Secondary,St Bede's Catholic Comprehensive School and Byron College,8404693,114327,-480760.8,0,-480760.8,0,-13.3
201819,Financial year,School,England,E92000001,North East,E12000001,Durham,840,E06000047,Special,The Meadows School,8407000,131905,475499.7,475499.7,0,0,24.8
201819,Financial year,School,England,E92000001,North East,E12000001,Durham,840,E06000047,Special,Elemore Hall School,8407006,114337,218281.3,218281.3,0,0,8.5
201819,Financial year,School,England,E92000001,North East,E12000001,Durham,840,E06000047,Special,Croft Community School,8407013,114340,-325287.1,0,-325553.2,266.11,-14.3
201819,Financial year,School,England,E92000001,North East,E12000001,Durham,840,E06000047,Special,Walworth School,8407014,114341,209057,210765.1,0,-1708.07,9
201819,Financial year,School,England,E92000001,North East,E12000001,Durham,840,E06000047,Special,Villa Real School,8407028,114345,436504.1,411222.7,0,25281.39,16.6
201819,Financial year,School,England,E92000001,North East,E12000001,Durham,840,E06000047,Special,Windlestone School,8407030,114347,358481.5,358481.5,0,0,11.4
201819,Financial year,School,England,E92000001,North East,E12000001,Durham,840,E06000047,Special,Durham Trinity School & Sports College,8407032,114349,154928.2,154928.2,0,0,4
201819,Financial year,School,England,E92000001,North East,E12000001,Durham,840,E06000047,Special,The Oaks Secondary School,8407033,134662,467157.6,427249.3,0,39908.35,10.5
201819,Financial year,School,England,E92000001,North East,E12000001,Durham,840,E06000047,Special,Evergreen Primary School,8407034,134663,290822.4,290822.4,0,0,8
201819,Financial year,School,England,E92000001,North East,E12000001,Darlington,841,E06000005,Nursery,Borough Road Nursery School,8411030,113982,36478.03,0,36478.03,0,10.2
201819,Financial year,School,England,E92000001,North East,E12000001,Darlington,841,E06000005,Nursery,George Dent Nursery School,8411031,113983,-24548.91,0,-24548.91,0,-4.6
201819,Financial year,School,England,E92000001,North East,E12000001,Darlington,841,E06000005,Pupil referral unit,Rise Carr College,8411100,131629,-85595.17,0,-85595.17,0,-7.2
201819,Financial year,School,England,E92000001,North East,E12000001,Darlington,841,E06000005,Primary,Red Hall Primary School,8412669,114183,233910,0,233910,0,17.3
201819,Financial year,School,England,E92000001,North East,E12000001,Darlington,841,E06000005,Primary,St Teresa's RC Primary School,8413309,114241,178974.2,0,178974.2,0,11.4
201819,Financial year,School,England,E92000001,North East,E12000001,Darlington,841,E06000005,Primary,Whinfield Primary School,8413515,134719,211314.2,0,211314.2,0,8.1
201819,Financial year,School,England,E92000001,North East,E12000001,Darlington,841,E06000005,Primary,Harrowgate Hill Primary School,8413517,135088,392822.5,0,389822.5,3000,14.2
201819,Financial year,School,England,E92000001,North East,E12000001,Northumberland,929,E06000057,Pupil referral unit,Northumberland Pupil Referral Unit,9291100,132130,64240,27279,36961,0,6.4
201819,Financial year,School,England,E92000001,North East,E12000001,Northumberland,929,E06000057,Primary,Acomb First School,9292002,122170,-1109,0,-1109,0,-0.3
201819,Financial year,School,England,E92000001,North East,E12000001,Northumberland,929,E06000057,Primary,Allendale Primary School,9292009,122171,-8423,0,-8423,0,-1.4
201819,Financial year,School,England,E92000001,North East,E12000001,Northumberland,929,E06000057,Primary,Swansfield Park Primary School,9292015,122172,3395,0,3395,0,0.2
201819,Financial year,School,England,E92000001,North East,E12000001,Northumberland,929,E06000057,Primary,Amble Links First School,9292018,122173,101246,10907,90339,0,11.5
201819,Financial year,School,England,E92000001,North East,E12000001,Northumberland,929,E06000057,Primary,Amble First School,9292019,122174,65343,0,65343,0,8.5
201819,Financial year,School,England,E92000001,North East,E12000001,Northumberland,929,E06000057,Primary,Bedlington West End Primary School,9292030,122176,79362,0,79362,0,6.1
201819,Financial year,School,England,E92000001,North East,E12000001,Northumberland,929,E06000057,Primary,Bedlington Station Primary School,9292032,122177,67436,0,67436,0,5.7
201819,Financial year,School,England,E92000001,North East,E12000001,Northumberland,929,E06000057,Primary,Stakeford Primary School,9292033,122178,-28074,0,-28074,0,-3.2
201819,Financial year,School,England,E92000001,North East,E12000001,Northumberland,929,E06000057,Primary,Cambois Primary School,9292035,122179,30692,0,30692,0,5.5
201819,Financial year,School,England,E92000001,North East,E12000001,Northumberland,929,E06000057,Primary,Choppington Primary School,9292037,122180,51889,0,51889,0,7.9
201819,Financial year,School,England,E92000001,North East,E12000001,Northumberland,929,E06000057,Primary,Stead Lane Primary School,9292041,122181,149469,4845,144624,0,12
201819,Financial year,School,England,E92000001,North East,E12000001,Northumberland,929,E06000057,Primary,Bellingham Primary School,9292043,122183,22112,0,22112,0,7
201819,Financial year,School,England,E92000001,North East,E12000001,Northumberland,929,E06000057,Primary,Belsay Primary School,9292044,122184,99376.6,0,99376.6,0,21.5
201819,Financial year,School,England,E92000001,North East,E12000001,Northumberland,929,E06000057,Primary,Spittal Community School,9292046,122185,98336.86,0,99686,-1349.14,10.8
201819,Financial year,School,England,E92000001,North East,E12000001,Northumberland,929,E06000057,Primary,Tweedmouth West First School,9292047,122186,30239,0,30239,0,4.4
201819,Financial year,School,England,E92000001,North East,E12000001,Northumberland,929,E06000057,Primary,Tweedmouth Prior Park First School,9292050,122187,74466,0,74466,0,8.2
201819,Financial year,School,England,E92000001,North East,E12000001,Northumberland,929,E06000057,Primary,Branton Community Primary School,9292053,122188,48680,20908,27772,0,16
201819,Financial year,School,England,E92000001,North East,E12000001,Northumberland,929,E06000057,Primary,Broomley First School,9292056,122189,9243,0,9243,0,1.4
201819,Financial year,School,England,E92000001,North East,E12000001,Northumberland,929,E06000057,Primary,West Woodburn First School,9292070,122190,23590,0,23590,0,9.6
201819,Financial year,School,England,E92000001,North East,E12000001,Northumberland,929,E06000057,Primary,Eastlea Primary School,9292074,122191,-72520,0,-72520,0,-7
201819,Financial year,School,England,E92000001,North East,E12000001,Northumberland,929,E06000057,Primary,Beaconhill Community Primary School,9292076,122193,41741,0,41741,0,3.5
201819,Financial year,School,England,E92000001,North East,E12000001,Northumberland,929,E06000057,Primary,Cramlington Shanklea Primary School,9292077,122194,-155983.6,0,-160978,4994.37,-8.9
201819,Financial year,School,England,E92000001,North East,E12000001,Northumberland,929,E06000057,Primary,Holywell Village First School,9292091,122195,112575,23588,88987,0,14.8
201819,Financial year,School,England,E92000001,North East,E12000001,Northumberland,929,E06000057,Primary,Broomhill First School,9292098,122196,45852,0,45852,0,8.3
201819,Financial year,School,England,E92000001,North East,E12000001,Northumberland,929,E06000057,Primary,Red Row First School,9292101,122197,19940,0,19940,0,2.7
201819,Financial year,School,England,E92000001,North East,E12000001,Northumberland,929,E06000057,Primary,Ellington Primary School,9292103,122198,44318,0,44318,0,4.2
201819,Financial year,School,England,E92000001,North East,E12000001,Northumberland,929,E06000057,Primary,Linton Primary School,9292105,122199,-12400,0,-12400,0,-4.4
201819,Financial year,School,England,E92000001,North East,E12000001,Northumberland,929,E06000057,Primary,Stamfordham Primary School,9292138,122202,-380711,0,-380711,0,-78.4
201819,Financial year,School,England,E92000001,North East,E12000001,Northumberland,929,E06000057,Primary,Hexham First School,9292142,122203,-53441.22,0,-38294,-15147.22,-6.9
201819,Financial year,School,England,E92000001,North East,E12000001,Northumberland,929,E06000057,Primary,Morpeth First School,9292185,122210,69442,0,69442,0,4.9
201819,Financial year,School,England,E92000001,North East,E12000001,Northumberland,929,E06000057,Primary,Netherton Northside First School,9292189,122211,37472.66,0,37472.66,0,24
201819,Financial year,School,England,E92000001,North East,E12000001,Northumberland,929,E06000057,Primary,Seahouses Primary School,9292207,122214,29432,0,29432,0,6
201819,Financial year,School,England,E92000001,North East,E12000001,Northumberland,929,E06000057,Primary,Otterburn Primary School,9292209,122215,83896.77,0,66452,17444.77,25.1
201819,Financial year,School,England,E92000001,North East,E12000001,Northumberland,929,E06000057,Primary,Pegswood Primary School,9292212,122216,-16466,0,-16466,0,-1.6
201819,Financial year,School,England,E92000001,North East,E12000001,Northumberland,929,E06000057,Primary,Ponteland Primary School,9292215,122217,91612.31,0,91612.31,0,5.8
201819,Financial year,School,England,E92000001,North East,E12000001,Northumberland,929,E06000057,Primary,Prudhoe Castle First School,9292217,122218,48595.03,0,34433,14162.03,9.2
201819,Financial year,School,England,E92000001,North East,E12000001,Northumberland,929,E06000057,Primary,Mickley First School,9292219,122219,7103.07,0,1493,5610.07,1.2
201819,Financial year,School,England,E92000001,North East,E12000001,Northumberland,929,E06000057,Primary,Rothbury First School,9292224,122221,-10285,0,-10285,0,-1.8
201819,Financial year,School,England,E92000001,North East,E12000001,Northumberland,929,E06000057,Primary,Beaufront First School,9292227,122222,-22163,0,-22163,0,-4.9
201819,Financial year,School,England,E92000001,North East,E12000001,Northumberland,929,E06000057,Primary,Seaton Delaval First School,9292228,122223,118066,0,118066,0,11.3
201819,Financial year,School,England,E92000001,North East,E12000001,Northumberland,929,E06000057,Primary,New Hartley First School,9292229,122224,20846,0,20846,0,2.8
201819,Financial year,School,England,E92000001,North East,E12000001,Northumberland,929,E06000057,Primary,Seghill First School,9292232,122225,-382,0,-382,0,-0.1
201819,Financial year,School,England,E92000001,North East,E12000001,Northumberland,929,E06000057,Primary,Greenhaugh Primary School,9292234,122226,36419,3429,32990,0,14
201819,Financial year,School,England,E92000001,North East,E12000001,Northumberland,929,E06000057,Primary,Slaley First School,9292236,122227,3983,0,3983,0,1.1
201819,Financial year,School,England,E92000001,North East,E12000001,Northumberland,929,E06000057,Primary,Stannington First School,9292239,122228,27667,1223,26444,0,4.5
201819,Financial year,School,England,E92000001,North East,E12000001,Northumberland,929,E06000057,Primary,Cambo First School,9292246,122232,50722,50722,0,0,13.5
201819,Financial year,School,England,E92000001,North East,E12000001,Northumberland,929,E06000057,Primary,Kielder Primary School and Nursery,9292254,122233,32004,20000,12004,0,15.2
201819,Financial year,School,England,E92000001,North East,E12000001,Northumberland,929,E06000057,Primary,Seaton Sluice First School,9292268,122234,80111,0,80111,0,10.1
201819,Financial year,School,England,E92000001,North East,E12000001,Northumberland,929,E06000057,Primary,Whittonstall First School,9292270,122235,30788,0,30788,0,6.9
201819,Financial year,School,England,E92000001,North East,E12000001,Northumberland,929,E06000057,Primary,Wooler First School,9292277,122236,58072.77,0,47005,11067.77,7.3
201819,Financial year,School,England,E92000001,North East,E12000001,Northumberland,929,E06000057,Primary,Wylam First School,9292278,122237,-12635,0,-12635,0,-1.7
201819,Financial year,School,England,E92000001,North East,E12000001,Northumberland,929,E06000057,Primary,Shilbottle Primary School,9292281,122238,-3592,0,-3592,0,-0.4
201819,Financial year,School,England,E92000001,North East,E12000001,Northumberland,929,E06000057,Primary,Bothal Primary School,9292291,122239,-120780,0,-120780,0,-4
201819,Financial year,School,England,E92000001,North East,E12000001,Northumberland,929,E06000057,Primary,Swarland Primary School,9292293,122240,85836,25500,60336,0,19.8
201819,Financial year,School,England,E92000001,North East,E12000001,Northumberland,929,E06000057,Primary,The Sele First School,9292299,122242,166866.5,0,167757,-890.48,8.5
201819,Financial year,School,England,E92000001,North East,E12000001,Northumberland,929,E06000057,Primary,Mowbray Primary School,9292323,122243,88764,0,88764,0,5.9
201819,Financial year,School,England,E92000001,North East,E12000001,Northumberland,929,E06000057,Primary,Belford Primary School,9292325,122244,14439.95,0,8517,5922.95,3.2
201819,Financial year,School,England,E92000001,North East,E12000001,Northumberland,929,E06000057,Primary,Morpeth Stobhillgate First School,9292360,122246,-16330,0,-16330,0,-1.9
201819,Financial year,School,England,E92000001,North East,E12000001,Northumberland,929,E06000057,Primary,Ringway Primary School,9292370,122247,74,0,74,0,0
201819,Financial year,School,England,E92000001,North East,E12000001,Northumberland,929,E06000057,Primary,Scremerston First School,9292372,122248,24618,0,24618,0,5.3
201819,Financial year,School,England,E92000001,North East,E12000001,Northumberland,929,E06000057,Primary,Horton Grange Primary School,9292397,122254,217490,0,217490,0,9
201819,Financial year,School,England,E92000001,North East,E12000001,Northumberland,929,E06000057,Primary,New Delaval Primary School,9292407,122258,121313,0,121313,0,9.5
201819,Financial year,School,England,E92000001,North East,E12000001,Northumberland,929,E06000057,Primary,Newsham Primary School,9292415,122261,62519,0,62519,0,2.8
201819,Financial year,School,England,E92000001,North East,E12000001,Northumberland,929,E06000057,Primary,Hipsburn Primary School,9292525,122264,91871,16916,74955,0,12.8
201819,Financial year,School,England,E92000001,North East,E12000001,Northumberland,929,E06000057,Primary,Darras Hall Primary School,9292526,122265,36024.39,0,36024.39,0,2
201819,Financial year,School,England,E92000001,North East,E12000001,Northumberland,929,E06000057,Primary,Burnside Primary School,9292527,122266,98618,0,98618,0,5.9
201819,Financial year,School,England,E92000001,North East,E12000001,Northumberland,929,E06000057,Primary,Hareside Primary School,9292529,122268,220371,0,220371,0,11.5
201819,Financial year,School,England,E92000001,North East,E12000001,Northumberland,929,E06000057,Primary,Cramlington Northburn Primary School,9292530,122269,-11165,0,-11165,0,-0.8
201819,Financial year,School,England,E92000001,North East,E12000001,Northumberland,929,E06000057,Primary,Central Primary School,9292531,131021,43203,0,43203,0,1.1
201819,Financial year,School,England,E92000001,North East,E12000001,Northumberland,929,E06000057,Primary,Acklington Church of England Controlled First School,9293001,122270,-159360,0,-159360,0,-233.6
201819,Financial year,School,England,E92000001,North East,E12000001,Northumberland,929,E06000057,Primary,Berwick St Mary's Church of England First School,9293046,122271,99678,27744,71934,0,14.7
201819,Financial year,School,England,E92000001,North East,E12000001,Northumberland,929,E06000057,Primary,Chollerton Church of England Aided First School,9293065,122272,3835,0,3835,0,1.3
201819,Financial year,School,England,E92000001,North East,E12000001,Northumberland,929,E06000057,Primary,Felton Church of England Primary School,9293095,122273,5386,0,5386,0,1.2
201819,Financial year,School,England,E92000001,North East,E12000001,Northumberland,929,E06000057,Primary,Heddon-On-the-Wall St Andrew's Church of England Primary School,9293133,122275,-10190.99,0,-10190.99,0,-1.2
201819,Financial year,School,England,E92000001,North East,E12000001,Northumberland,929,E06000057,Primary,Henshaw Church of England Voluntary Aided Primary School,9293135,122276,-11796,0,-11796,0,-2.7
201819,Financial year,School,England,E92000001,North East,E12000001,Northumberland,929,E06000057,Primary,Longhoughton Church of England Primary School,9293173,122277,-12110,0,-12110,0,-1.9
201819,Financial year,School,England,E92000001,North East,E12000001,Northumberland,929,E06000057,Primary,Ovingham Church of England First School,9293210,122278,5841,0,5841,0,1
201819,Financial year,School,England,E92000001,North East,E12000001,Northumberland,929,E06000057,Primary,Whittingham Church of England Primary School,9293264,122279,56968,0,56968,0,11.4
201819,Financial year,School,England,E92000001,North East,E12000001,Northumberland,929,E06000057,Primary,St Michael's Church of England Primary School,9293312,122280,63641,0,63641,0,8.2
201819,Financial year,School,England,E92000001,North East,E12000001,Northumberland,929,E06000057,Primary,Bedlington Whitley Memorial Church of England Primary School,9293333,122281,79857,0,79857,0,5.5
201819,Financial year,School,England,E92000001,North East,E12000001,Northumberland,929,E06000057,Primary,Holy Trinity Church of England First School,9293346,122282,9305,0,9305,0,1.2
201819,Financial year,School,England,E92000001,North East,E12000001,Northumberland,929,E06000057,Primary,Longhorsley St Helen's Church of England Aided First School,9293347,122283,2849,0,2849,0,0.6
201819,Financial year,School,England,E92000001,North East,E12000001,Northumberland,929,E06000057,Primary,Greenhead Church of England Primary School,9293349,122284,-125581,0,-125581,0,-34.4
201819,Financial year,School,England,E92000001,North East,E12000001,Northumberland,929,E06000057,Primary,Broomhaugh Church of England First School,9293355,122285,36346,0,36346,0,9.2
201819,Financial year,School,England,E92000001,North East,E12000001,Northumberland,929,E06000057,Primary,Corbridge Church of England Aided First School,9293367,122287,93641,14343,79298,0,13.3
201819,Financial year,School,England,E92000001,North East,E12000001,Northumberland,929,E06000057,Primary,Ellingham Church of England Aided Primary School,9293403,122289,37473,0,37473,0,7.8
201819,Financial year,School,England,E92000001,North East,E12000001,Northumberland,929,E06000057,Primary,Embleton Vincent Edwards Church of England Primary School,9293408,122290,1083,0,1083,0,0.4
201819,Financial year,School,England,E92000001,North East,E12000001,Northumberland,929,E06000057,Primary,Hugh Joicey Church of England First School Ford,9293411,122291,-2421,0,-2421,0,-0.6
201819,Financial year,School,England,E92000001,North East,E12000001,Northumberland,929,E06000057,Primary,Whitley Chapel Church of England First School,9293443,122293,8663,0,8663,0,3.1
201819,Financial year,School,England,E92000001,North East,E12000001,Northumberland,929,E06000057,Primary,Holy Island Church of England First School,9293447,122294,47851,0,47851,0,34
201819,Financial year,School,England,E92000001,North East,E12000001,Northumberland,929,E06000057,Primary,Humshaugh Church of England First School,9293454,122295,16962,0,16962,0,5.7
201819,Financial year,School,England,E92000001,North East,E12000001,Northumberland,929,E06000057,Primary,Morpeth All Saints Church of England Aided First School,9293487,122297,2270,0,2270,0,0.2
201819,Financial year,School,England,E92000001,North East,E12000001,Northumberland,929,E06000057,Primary,Newbrough Church of England Primary School,9293492,122298,38583,0,38583,0,9.4
201819,Financial year,School,England,E92000001,North East,E12000001,Northumberland,929,E06000057,Primary,Tritlington Church of England First School,9293542,122299,-4848,0,-4848,0,-1.4
201819,Financial year,School,England,E92000001,North East,E12000001,Northumberland,929,E06000057,Primary,Wark Church of England Primary School,9293548,122300,8905,0,8905,0,2.8
201819,Financial year,School,England,E92000001,North East,E12000001,Northumberland,929,E06000057,Primary,Warkworth Church of England Primary School,9293550,122301,29440,0,29440,0,5
201819,Financial year,School,England,E92000001,North East,E12000001,Northumberland,929,E06000057,Primary,Whalton Church of England Aided Primary School,9293560,122302,25087,0,25087,0,6.8
201819,Financial year,School,England,E92000001,North East,E12000001,Northumberland,929,E06000057,Primary,St Wilfrid's Roman Catholic Voluntary Aided Primary School,9293711,122304,151671,0,151671,0,9.9
201819,Financial year,School,England,E92000001,North East,E12000001,Northumberland,929,E06000057,Primary,St Paul's RC Voluntary Aided Primary School,9293713,122305,76169,0,76169,0,7
201819,Financial year,School,England,E92000001,North East,E12000001,Northumberland,929,E06000057,Primary,St Aidan's Roman Catholic Voluntary Aided Primary School,9293726,122307,51844,0,51844,0,4.1
201819,Financial year,School,England,E92000001,North East,E12000001,Northumberland,929,E06000057,Primary,St Bede's Roman Catholic Voluntary Aided Primary School,9293732,122308,136097,9380,126717,0,13
201819,Financial year,School,England,E92000001,North East,E12000001,Northumberland,929,E06000057,Primary,St Cuthbert's Roman Catholic Voluntary Aided First School Berwick,9293746,122309,74026,0,74026,0,15.9
201819,Financial year,School,England,E92000001,North East,E12000001,Northumberland,929,E06000057,Primary,St Mary's Roman Catholic Voluntary Aided First School,9293840,122311,-3985,0,-3985,0,-0.7
201819,Financial year,School,England,E92000001,North East,E12000001,Northumberland,929,E06000057,Primary,St Robert's Roman Catholic Voluntary Aided First School,9293888,122312,50119.86,0,37535,12584.86,6.2
201819,Financial year,School,England,E92000001,North East,E12000001,Northumberland,929,E06000057,Primary,Cragside CofE Controlled Primary School,9293918,134473,12041,0,12041,0,0.8
201819,Financial year,School,England,E92000001,North East,E12000001,Northumberland,929,E06000057,Primary,Norham St Ceolwulfs CofE Controlled First School,9293920,135064,34271,5000,29271,0,12.7
201819,Financial year,School,England,E92000001,North East,E12000001,Northumberland,929,E06000057,Primary,Lowick Church of England Voluntary Controlled First School,9293922,131221,43000,0,43000,0,12.5
201819,Financial year,School,England,E92000001,North East,E12000001,Northumberland,929,E06000057,Primary,Grange View Church of England Voluntary Controlled First School,9293923,135634,9660,0,9660,0,1.3
201819,Financial year,School,England,E92000001,North East,E12000001,Northumberland,929,E06000057,Middle deemed secondary,Corbridge Middle School,9294079,122326,147261,7579,139682,0,9.1
201819,Financial year,School,England,E92000001,North East,E12000001,Northumberland,929,E06000057,Secondary,Haydon Bridge Community High School and Sports College,9294130,122328,-1406302,0,-1406302,0,-58.6
201819,Financial year,School,England,E92000001,North East,E12000001,Northumberland,929,E06000057,Middle deemed secondary,Seaton Sluice Middle School,9294161,122334,59941,0,59941,0,3.4
201819,Financial year,School,England,E92000001,North East,E12000001,Northumberland,929,E06000057,Middle deemed secondary,Whytrig Community Middle School,9294162,122335,104452,0,104452,0,8.1
201819,Financial year,School,England,E92000001,North East,E12000001,Northumberland,929,E06000057,Middle deemed secondary,Highfield Middle School,9294198,122340,222779,49731,173048,0,9.7
201819,Financial year,School,England,E92000001,North East,E12000001,Northumberland,929,E06000057,Middle deemed secondary,Ovingham Middle School,9294199,122341,-81932,0,-81932,0,-4.8
201819,Financial year,School,England,E92000001,North East,E12000001,Northumberland,929,E06000057,Middle deemed secondary,Tweedmouth Community Middle School,9294332,122348,238208,97227,140981,0,13.8
201819,Financial year,School,England,E92000001,North East,E12000001,Northumberland,929,E06000057,Middle deemed secondary,Bellingham Middle School and Sports College,9294361,122350,9083,0,9083,0,1.3
201819,Financial year,School,England,E92000001,North East,E12000001,Northumberland,929,E06000057,Secondary,Prudhoe Community High School,9294369,122351,514685,295227,219458,0,11.8
201819,Financial year,School,England,E92000001,North East,E12000001,Northumberland,929,E06000057,Middle deemed secondary,Glendale Middle School,9294370,122352,74271,14790,59481,0,9.7
201819,Financial year,School,England,E92000001,North East,E12000001,Northumberland,929,E06000057,Middle deemed secondary,Berwick Middle School,9294404,122354,-46713,0,-46713,0,-2.7
201819,Financial year,School,England,E92000001,North East,E12000001,Northumberland,929,E06000057,Secondary,Ponteland High School,9294426,122358,423640.8,0,423640.8,0,8.5
201819,Financial year,School,England,E92000001,North East,E12000001,Northumberland,929,E06000057,Secondary,The Duchess's Community High School,9294438,122362,-531015,0,-531015,0,-6.1
201819,Financial year,School,England,E92000001,North East,E12000001,Northumberland,929,E06000057,Secondary,James Calvert Spence College,9294439,122363,-65347,0,-65347,0,-1.4
201819,Financial year,School,England,E92000001,North East,E12000001,Northumberland,929,E06000057,Middle deemed secondary,St Joseph's Roman Catholic Voluntary Aided Middle School,9294654,122369,130395,0,130395,0,8.1
201819,Financial year,School,England,E92000001,North East,E12000001,Northumberland,929,E06000057,Primary,Richard Coates Church of England Primary School,9294800,122370,81480.91,0,81480.91,0,4.2
201819,Financial year,School,England,E92000001,North East,E12000001,Northumberland,929,E06000057,Middle deemed secondary,St Mary's Church of England Middle School,9294818,131222,10732,0,10732,0,3.2
201819,Financial year,School,England,E92000001,North East,E12000001,Northumberland,929,E06000057,Secondary,Astley Community High School,9295400,122374,184417,0,166892,17524.97,5.4
201819,Financial year,School,England,E92000001,North East,E12000001,Northumberland,929,E06000057,Special,Cleaswell Hill School,9297003,122382,277101,0,277101,0,8.2
201819,Financial year,School,England,E92000001,North East,E12000001,Northumberland,929,E06000057,Special,Cramlington Hillcrest School,9297006,122383,295562,46944,248618,0,16.8
201819,Financial year,School,England,E92000001,North East,E12000001,Northumberland,929,E06000057,Special,Barndale House School,9297010,122384,-221996,0,-221996,0,-19.8
201819,Financial year,School,England,E92000001,North East,E12000001,Northumberland,929,E06000057,Special,The Grove Special School,9297012,122385,95504,0,95504,0,9.3
201819,Financial year,School,England,E92000001,North East,E12000001,Northumberland,929,E06000057,Special,Hexham Priory School,9297018,122386,7532.9,0,7532.9,0,0.9
201819,Financial year,School,England,E92000001,North East,E12000001,Northumberland,929,E06000057,Special,The Dales School,9297021,122388,111150,0,111150,0,4.8
201819,Financial year,School,England,E92000001,North East,E12000001,Northumberland,929,E06000057,Special,Collingwood School & Media Arts College,9297022,122389,253560,0,253560,0,10.4
201819,Financial year,School,England,E92000001,North East,E12000001,Northumberland,929,E06000057,Special,Atkinson House School,9297024,132771,225019,54134,170885,0,15.3
